OG:service=safety,state=init,status=normal
LOG:service=home,state=init,status=ok
LOG:service=probe,state=init,status=ok
LOG:service=motion,state=init,status=timers_ready
[FLOW queue_add ok id=2 dir=0x07 V=(0,0,8) S=(0,0,12900) depth=1]
LOG:service=motion,state=queue_add,status=frame=2 dirMask=0x07 queue=1
[FLOW start_move request depth=1 active=0 ids=(2) ]
[FLOW begin_segment id=2 dirMask=0x07 V(x,y,z)=(0,0,8) S(x,y,z)=(0,0,12900) ]
[FLOW pop_next id=2 remaining=0]\r\n
2,1,0,-1,1
2,2,0,-1,1
2,3,1,-13,2
2,4,3,-30,3
2,5,4,-42,5
2,6,6,-50,7
2,7,8,-64,10
2,8,9,-83,12
2,9,11,-101,15
2,10,12,-116,19
2,11,14,-143,23
2,12,16,-180,27
2,13,17,-201,31
2,14,19,-209,36
2,15,20,-245,41
2,16,22,-297,46
2,17,24,-326,51
2,18,25,-346,57
2,19,27,-385,64
2,20,29,-426,70
2,21,30,-468,77
2,22,32,-513,84
2,23,34,-562,91
2,2,25,36,-608,100
24,36,-608,99
2,26,37,-649,107
2,27,39,-700,116
2,28,41,-761,124
2,29,42,-809,133
2,30,44,-856,143
2,31,46,-926,152
2,32,48,-997,162
2,33,49,-1046,172
2,34,51,-1103,183
2,35,53,-1180,194
2,36,54,-1180,200
2,37,55,-1253,205
2,38,57,-1310,217
2,39,58,-1391,229
2,40,60,-1474,241
2,41,62,-1542,253
2,42,64,-1603,265
2,43,65,-1681,277
2,44,67,-1774,289
2,45,69,-1774,300
2,46,69,-1851,302
2,47,71,-1903,314
2,48,73,-1977,326
2,49,74,-2066,338
2,50,76,-2147,350
2,51,78,-2208,363
2,52,80,-2278,375
2,53,81,-2364,387
22,55,83,-2436,400
,54,83,-2436,399
2,56,85,-2511,411
2,57,87,-2583,424
2,58,88,-2661,436
2,59,90,-2740,448
2,60,92,-2803,460
2,61,94,-2880,472
2,62,95,-2970,484
2,63,97,-302,64,98,-3042,500

2,497
2,65,99,-3110,509
2,66,101,-3175,521
2,67,103,-3260,533
2,68,104,-3354,546
2,69,106,-3421,558
2,70,108,-3485,570
2,71,110,-3567,583
2,72,111,-3648,595
2,73,112,-3648,600

2,74,113,-3735,608
2,75,115,-3795,620
2,76,117,-3873,632
2,77,119,-3960,645
2,78,120,-4031,657
2,79,122,-4105,669
2,80,124,-4191,682
2,81,126,-4267,694
2,82,127,-4267,700
2,83,128,-4343,706
2,84,129,-4403,719
2,85,131,-4495,731
2,86,133,-4587,743
2,87,135,-4650,756
2,88,137,-4717,768
2,89,138,-4800,780
2,90,140,-4888,793
2,91,141,-4888,800
2,92,142,-4972,805
2,93,144,-5026,818
2,94,146,-5111,830
2,95,147,-5198,842
2,96,149,-5270,854
2,97,151,-5347,867
2,98,153,-5428,879
2,99,154,-5508,891
2,100,156,-5508,900
2,101,156,-5585,904
2,102,158,-5651,917
2,103,160,-5744,929
2,104,162,-5832,942
2,105,164,-5900,954
2,106,165,-5968,966
2,107,167,-6054,979
2,108,169,-6149,991
2,109,170,-6149,1000
2,110,171,-6230,1004
2,111,173,-6287,1017
2,112,174,-6370,1030
2,113,176,-6464,1042
2,114,178,-6549,1055
2,115,180,-6618,1067
2,116,182,-6698,1080
2,117,184,-6785,1093
2,118,185,-6785,1100
2,119,186,-6867,1106
2,120,187,-6941,1118
2,121,189,-7031,1131
2,122,191,-7114,1144
2,123,193,-7186,1156
2,124,195,-7260,1169
2,125,197,-7359,1182
2,126,198,-7445,1194
2,127,199,-7445,1200

2,128,200,-7515,1208
2,129,202,-7584,1220
2,130,204,-7677,1233
2,131,206,-7773,1245
2,132,208,-7846,1258
2,133,210,-7915,1271
2,134,211,-8004,1284
2,135,213,-802,136,214,-8088,1300

8,1296
2,137,215,-8177,1309
2,138,217,-8248,1322
2,139,219,-8332,1334
2,140,221,-8421,1347
2,141,222,-8494,1360
2,142,224,-8576,1373
2,143,226,-8669,1385
2,144,2,145,228,-8746,1400
228,-8746,1398
2,146,230,-8823,1411
2,147,232,-8893,1423
2,148,233,-8998,1436
2,149,235,-9090,1449
2,150,237,-9150,1461
2,151,239,-9230,1474
2,152,241,-9324,1487
2,153,243,-9412,1500
2,154,243,-9412,1500
2,155,245,-9485,1512
2,156,246,-9556,1525
2,157,248,-9658,1538
2,158,250,-9741,1550
2,159,252,-9810,1563
2,160,254,-9900,1576
2,161,256,-9989,1588
2,162,257,-9989,1600
2,163,257,-10075,1601
2,164,259,-10135,1614
2,165,261,-10228,1627
2,166,263,-10332,1640
2,167,265,-10405,1653
2,168,267,-10476,1665
2,169,269,-10567,1678
2,170,270,-10663,1691
2,171,272,-10663,1700
2,172,272,-10753,1704
2,173,274,-10812,1717
2,174,276,-10903,1730
2,175,278,-10999,1743
2,176,280,-11080,1756
2,177,282,-11158,1768
2,178,284,-11243,1781
2,179,285,-11334,1794
2,180,286,-11334,1800
2,181,287,-11415,1807
2,182,289,-11489,1820
2,183,291,-11590,1833
2,184,293,-11676,1846
2,185,295,-11748,1859
2,186,297,-11823,1871
2,187,298,-11926,1884
2,188,300,2,189,301,-12017,1900
-12017,1897
2,190,302,-12086,1910
2,191,304,-12161,1923
2,192,306,-12262,1936
2,193,308,-12357,1948
2,194,310,-12429,1961
2,195,311,-12505,1974
2,196,313,-12603,1987
2,197,315,-12603,2000
2,198,315,-12694,2000
2,199,317,-12768,2013
2,200,319,-12853,2026
2,201,321,-12944,2039
2,202,323,-13026,2052
2,203,325,-13098,2064
2,204,326,-13195,2077
2,205,328,-13291,2090
2,206,330,-13291,2100
2,207,330,-13372,2103
2,208,332,-13438,2116
2,209,334,-13524,2129
2,210,336,-13631,2142
2,211,338,-13712,2155
2,212,340,-13779,2167
2,213,341,-13869,2180
2,214,343,-13962,2193
2,215,344,-13962,2200
2,216,345,-14058,2206
2,217,347,-14122,2219
2,218,349,-14207,2232
2,219,351,-14305,2244
2,220,353,-14381,2257
2,221,354,-14462,2270
2,222,356,-14558,2283
2,223,358,-146422,224,359,-14642,2300
,2296
2,225,360,-14718,2309
2,226,362,-14787,2322
2,227,364,-14899,2335
2,228,366,-14994,2347
2,229,367,-15054,2360
2,230,369,-15134,2373
2,231,371,-15233,2386
2,2,233,373,-15327,2400

32,373,-15327,2399
2,234,375,-15397,2412
2,235,377,-15470,2424
2,236,379,-15574,2437
2,237,381,-15660,2450
2,238,382,-15736,2463
2,239,384,-15823,2476
2,240,386,-15913,2489
2,241,388,-15913,2500
2,242,388,-16000,2502
2,243,390,-16068,2515
2,244,392,-16162,2527
2,245,394,-16261,2540
2,246,395,-16334,2553
2,247,397,-16406,2566
2,248,399,-16497,2579
2,249,401,-16600,2592
2,250,402,-16600,2600
2,251,403,-16683,2605
2,252,405,-16745,2618
2,253,407,-16837,2631
2,254,409,-16932,2643
2,255,410,-17017,2656
2,256,412,-17089,2669
2,257,414,-17177,2682
2,258,416,-17265,26952,259,417,-17265,2700

2,260,418,-17347,2708
2,261,420,-17425,2721
2,262,422,-17521,2734
2,263,423,-17608,2746
2,264,425,-17677,2759
2,265,427,-17757,2772
2,266,429,-17864,2785
2,267,42,268,431,-17946,2800
31,-17946,2798
2,269,433,-18016,2811
2,270,435,-18091,2823
2,271,437,-18191,2836
2,272,438,-18287,2849
2,273,440,-18355,2862
2,274,442,-18434,2875
2,275,444,-18526,2888
2,276,446,-18526,2900
2,277,446,-18619,2901
2,278,448,-18695,2914
2,279,450,-18770,2926
2,280,451,-18865,2939
2,281,453,-18947,2952
2,282,455,-19020,2965
2,283,457,-19114,2978
2,284,459,-19205,2991
2,285,460,-19205,3000
2,286,461,-19290,3004
2,287,463,-19351,3017
2,288,465,-19439,3030
2,289,466,-19545,3042
2,290,468,-19620,3055
2,291,470,-19686,3068
2,292,472,-19775,3081
2,293,474,-19868,3094
2,294,475,-19868,3100
2,295,476,-19958,3107
2,296,478,-20016,3120
2,297,479,-20110,3132
2,298,481,-20205,3145
2,299,483,-20274,3158
2,300,485,-20357,3171
2,301,487,-20450,3184
2,302,489,-2,303,489,-20531,3200
20531,3197
2,304,491,-20601,3210
2,305,492,-20677,3222
2,306,494,-20787,3235
2,307,496,-20869,3248
2,308,498,-20932,3261
2,309,500,-21013,3274
2,310,502,-21108,3286
2,312,504,-21196,3300
2,311,504,-21196,3299
2,313,506,-21264,3313
2,314,507,-21341,3325
2,315,509,-21438,3338
2,316,511,-21518,3351
2,317,513,-21597,3364
2,318,515,-21679,3377
2,319,517,-21766,3389
2,320,518,-21766,3400
2,321,519,-21851,3403
2,322,520,-21918,3415
2,323,522,-22010,3428
2,324,524,-22100,3441
2,325,526,-22174,3454
2,326,528,-22242,3467
2,327,530,-22333,3480
2,328,532,-22428,3493
2,329,533,-22428,3500
2,330,534,-22504,3506
2,331,535,-22568,3518
2,332,537,-22658,3531
2,333,539,-22750,3544
2,334,541,-22829,3557
2,335,543,-22898,3570
2,336,545,-22989,3583
2,337,547,-23071,2,338,547,-23071,3600
3596
2,339,548,-23150,3609
2,340,550,-23226,3621
2,341,552,-23313,3634
2,342,554,-23399,3647
2,343,556,-23466,3660
2,344,558,-23548,3673
2,345,560,-23643,3685
2,32,347,562,-23718,3700

6,562,-23718,3698
2,348,563,-23793,3711
2,349,565,-23863,3724
2,350,567,-23959,3737
2,351,569,-24049,3750
2,352,571,-24113,3763
2,353,573,-24191,3776
2,354,575,-24279,3788
2,355,576,-24279,3800
2,356,576,-24373,3801
2,357,578,-24438,3814
2,358,580,-24509,3827
2,359,582,-24607,3840
2,360,584,-24685,3853
2,361,586,-24754,3866
2,362,588,-24842,3879
2,363,590,-24927,3892
2,364,591,-24927,3900
2,365,591,-25008,3905
2,366,593,-25065,3917
2,367,595,-25158,3930
2,368,597,-25256,3943
2,369,599,-25320,3956
2,370,601,-25389,3969
2,371,603,-25476,3982
2,372,604,-25566,39952,373,605,-25566,4000


2,374,606,-25643,4008
2,375,608,-25702,4020
2,376,610,-25797,4033
2,377,612,-25882,4046
2,378,614,-25952,4059
2,379,616,-26032,4072
2,380,617,-26115,4084
2,381,612,382,620,-26194,4100

,-26194,4097
2,383,621,-26265,4110
2,384,623,-26341,4123
2,385,625,-26437,4136
2,386,627,-26513,4149
2,387,629,-26579,4162
2,388,631,-26656,4175
2,389,632,-26750,4187
2,390,634,-26750,4200
2,391,634,-26839,4200
2,392,636,-26895,4213
2,393,638,-26971,4226
2,394,640,-27064,4239
2,395,642,-27147,4252
2,396,644,-27215,4265
2,397,646,-27289,4278
2,398,647,-27377,4290
2,399,649,-27377,4300
2,400,649,-27460,4304
2,401,651,-27527,4316
2,402,653,-27611,4329
2,403,655,-27694,4342
2,404,657,-27766,4355
2,405,659,-27834,4368
2,406,660,-27927,4381
2,407,662,-28012,4394
2,408,663,-28012,4400
2,409,664,-28081,4407
2,410,666,-28146,4420
2,411,668,-28233,4432
2,412,670,-28326,4445
2,413,672,-28394,4458
2,414,674,-28460,4471
2,415,675,-28546,4483
2,416,677,-22,417,678,-28627,4500

627,4496
2,418,679,-28710,4509
2,419,681,-28773,4522
2,420,683,-28855,4535
2,421,685,-28942,4548
2,422,687,-29010,4561
2,423,688,-29089,4574
2,424,690,-29177,4587
2,426,692,-29249,4600
2,425,692,-29249,4599
2,427,694,-29318,4612
2,428,696,-29391,4625
2,429,698,-29492,4638
2,430,700,-29570,4651
2,431,702,-29627,4664
2,432,703,-29705,4677
2,433,705,-29793,4690
2,434,707,-29793,4700
2,435,707,-29886,4703
2,436,709,-29938,4715
2,437,711,-30014,4728
2,438,713,-30107,4741
2,439,715,-30180,4754
2,440,716,-30253,4767
2,441,718,-30336,4780
2,442,720,-30415,4793
2,443,721,-30415,4800
2,444,722,-30489,4806
2,445,724,-30552,4819
2,446,726,-30647,4831
2,447,728,-30733,4844
2,448,730,-30792,4857
2,449,731,-30862,4870
2,450,733,-30949,4883
2,451,735,-31038,2,452,736,-31038,4900
4895
2,453,737,-31107,4909
2,454,739,-31167,4921
2,455,741,-31256,4934
2,456,743,-31340,4947
2,457,744,-31414,4960
2,458,746,-31484,4973
2,459,748,-31565,4986
2,462,461,750,-31642,5000

,750,-31642,4998
2,462,752,-31712,5011
2,463,754,-31790,5024
2,464,756,-31879,5037
2,465,757,-31951,5050
2,466,759,-32013,5062
2,467,761,-32091,5075
2,468,763,-32188,5088
2,469,765,-32188,5100
2,470,765,-32268,5101
2,471,767,-32320,5114
2,472,769,-32397,5127
2,473,771,-32489,5140
2,474,772,-32571,5153
2,475,774,-32633,5166
2,476,776,-32709,5178
2,477,778,-32792,5191
2,478,779,-32792,5200
2,479,780,-32871,5204
2,480,782,-32942,5217
2,481,784,-33021,5230
2,482,785,-33102,5243
2,483,787,-33168,5256
2,484,789,-33239,5269
2,485,791,-33333,5282
2,486,793,-33411,5294
2,487,794,-33411,5300
2,488,795,-33480,5308
2,489,797,-33543,5320
2,490,799,-33628,5333
2,491,800,-33722,5346
2,492,802,-33787,5359
2,493,804,-33852,5372
2,494,806,-33934,5385
2,495,802,496,808,-34014,5400

,-34014,5397
2,497,810,-34096,5410
2,498,812,-34155,5423
2,499,813,-34242,5436
2,500,815,-34323,5449
2,501,817,-34388,5462
2,502,819,-34469,5474
2,503,821,-34553,5487
2,504,823,-34553,5500
2,505,823,-34634,5500
2,506,825,-34689,5513
2,507,827,-34764,5526
2,508,828,-34867,5539
2,509,830,-34939,5552
2,510,832,-34996,5565
2,511,834,-35075,5577
2,512,836,-35163,5590
2,513,837,-35163,5600
2,514,838,-35250,5604
2,515,840,-35303,5616
2,516,842,-35382,5629
2,517,843,-35472,5642
2,518,845,-35541,5655
2,519,847,-35616,5668
2,520,849,-35697,5681
2,521,851,-35775,5693
2,522,852,-35775,5700
2,523,853,-35846,5706
2,524,855,-35914,5719
2,525,856,-36007,5732
2,526,858,-36087,5745
2,527,860,-36151,5758
2,528,862,-36219,5771
2,529,864,-36307,5784
2,530,866,-32,531,866,-36393,5800

393,5796
2,532,868,-36459,5809
2,533,869,-36524,5822
2,534,871,-36614,5835
2,535,873,-36695,5848
2,536,875,-36765,5861
2,537,877,-36835,5873
2,538,879,-36921,5886
22,540,881,-36994,5900
,539,881,-36994,5899
2,541,883,-37068,5912
2,542,884,-37146,5925
2,543,886,-37232,5938
2,544,888,-37308,5951
2,545,890,-37369,5964
2,546,892,-37450,5976
2,547,894,-37542,5989
2,548,895,-37542,6000
2,549,896,-37620,6002
2,550,897,-37680,6015
2,551,899,-37756,6028
2,552,901,-37847,6041
2,553,903,-37927,6054
2,554,905,-37989,6066
2,555,907,-38070,6079
2,556,909,-38151,6092
2,557,910,-38151,6100
2,558,911,-38235,6105
2,559,912,-38301,6118
2,560,914,-38376,6131
2,561,916,-38466,6144
2,562,918,-38533,6157
2,563,920,-38605,6169
2,564,922,-38694,6182
2,565,924,-38771,2,566,924,-38771,6200

195
2,567,925,-38845,6208
2,568,927,-38905,6221
2,569,929,-38998,6234
2,570,931,-39091,6247
2,571,933,-39152,6260
2,572,935,-39221,6272
2,573,937,-39307,6285
2,574,2,575,939,-39391,6300
938,-39391,6298
2,576,940,-39465,6311
2,577,942,-39528,6324
2,578,944,-39624,6337
2,579,946,-39701,6350
2,580,948,-39768,6363
2,581,950,-39851,6375
2,582,952,-39934,6388
2,583,953,-39934,6400
2,584,953,-40016,6401
2,585,955,-40074,6414
2,586,957,-40161,6427
2,587,959,-40257,6440
2,588,961,-40323,6453
2,589,963,-40388,6466
2,590,965,-40472,6479
2,591,967,-40563,6491
2,592,968,-40563,6500
2,593,968,-40645,6504
2,594,970,-40700,6517
2,595,972,-40786,6530
2,596,974,-40874,6543
2,597,976,-40949,6556
2,598,978,-41022,6569
2,599,980,-41101,6581
2,600,981,-41183,6594
2,601,982,-41183,6600
2,602,983,-41258,6607
2,603,985,-41330,6620
2,604,987,-41422,6633
2,605,989,-41500,6646
2,606,991,-41568,6659
2,607,993,-41640,6671
2,608,994,-41736,6684
2,609,996,2,610,997,-41818,6700
-41818,6697
2,611,998,-41883,6710
2,612,1000,-41954,6723
2,613,1002,-42049,6736
2,614,1004,-42138,6749
2,615,1006,-42205,6762
2,616,1008,-42279,6775
2,617,1010,-42369,6788
2,618,1011,-42369,6800
2,619,1011,-42456,6801
2,620,1013,-42526,6814
2,621,1015,-42604,6827
2,622,1017,-42691,6840
2,623,1019,-42767,6853
2,624,1021,-42838,6866
2,625,1023,-42932,6879
2,626,1025,-43019,6892
2,627,1026,-43019,6900
2,628,1027,-43093,6905
2,629,1028,-43157,6918
2,630,1030,-43243,6931
2,631,1032,-43346,6944
2,632,1034,-43417,6957
2,633,1036,-43482,6970
2,634,1038,-43570,6983
2,635,1040,-432,636,1040,-43657,7000
657,6996
2,637,1042,-43744,7009
2,638,1044,-43805,7022
2,639,1045,-43898,7035
2,640,1047,-43986,7048
2,641,1049,-44053,7061
2,642,1051,-44140,7075
2,643,1053,-44233,7087
2,644,1055,-44233,7100
2,645,1055,-44317,7101
2,646,1057,-44372,7114
2,647,1059,-44456,7127
2,648,1061,-44566,7140
2,649,1062,-44639,7153
2,650,1064,-44701,7166
2,651,1066,-44789,7179
2,652,1068,-44884,7192
2,653,1069,-44884,7200
2,654,1070,-44970,7205
2,655,1072,-45027,7218
2,656,1074,-45121,7231
2,657,1076,-45213,7244
2,658,1078,-45284,7257
2,659,1079,-45366,7270
2,660,1081,-45454,7283
2,661,1083,-4552,662,1084,-45537,7300
37,7296
2,663,1085,-45609,7309
2,664,1087,-45688,7322
2,665,1089,-45790,7335
2,666,1091,-45869,7348
2,667,1093,-45938,7361
2,668,1095,-46017,7374
2,669,1096,-46116,7387
2,670,1098,-46116,7400
2,671,1098,-46210,7400
2,672,1100,-46266,7413
2,673,1102,-46347,7426
2,674,1104,-46445,7439
2,675,1106,-46532,7452
2,676,1108,-46604,7465
2,677,1110,-46683,7478
2,678,1111,-46775,7491
2,679,1113,-46775,7500
2,680,1113,-46860,7504
2,681,1115,-46932,7517
2,682,1117,-47023,7530
2,683,1119,-47110,7543
2,684,1121,-47184,7556
2,685,1123,-47258,7569
2,686,1125,-47360,7582
2,687,1127,-47449,72,688,1127,-47449,7600
595
2,689,1128,-47519,7608
2,690,1130,-47591,7621
2,691,1132,-47689,7634
2,692,1134,-47787,7647
2,693,1136,-47857,7661
2,694,1138,-47932,7674
2,695,1140,-48024,7686
2,697,1142,-48108,7700
2,696,1142,-48108,7700
2,698,1144,-48198,7713
2,699,1146,-48272,7726
2,700,1147,-48365,7739
2,701,1149,-48448,7752
2,702,1151,-48521,7765
2,703,1153,-48617,7778
2,704,1155,-48709,7791
2,705,1156,-48709,7800
2,706,1157,-48792,7804
2,707,1159,-48851,7817
2,708,1161,-48943,7830
2,709,1163,-49053,7843
2,710,1164,-49127,7856
2,711,1166,-49193,7869
2,712,1168,-49286,7882
2,713,1170,-49380,2,714,1171,-49380,7900

895
2,715,1172,-49468,7908
2,716,1174,-49531,7921
2,717,1176,-49631,7934
2,718,1178,-49722,7948
2,719,1180,-49793,7961
2,720,1181,-49882,7974
2,721,1183,-49976,7987
2,722,1185,-49976,8000
2,723,1185,-50068,8000
2,724,1187,-50127,8013
2,725,1189,-50217,8026
2,726,1191,-50325,8039
2,727,1193,-50401,8052
2,728,1195,-50473,8065
2,729,1197,-50563,8078
2,730,1198,-50662,8091
2,731,1200,-50662,8100
2,732,1200,-50752,8104
2,733,1202,-50811,8117
2,734,1204,-50903,8130
2,735,1206,-51001,8143
2,736,1208,-51081,8156
2,737,1210,-51159,8169
2,738,1212,-51248,8182
2,739,1214,-51338,2,740,1214,-51338,8200

195
2,741,1216,-51418,8208
2,742,1217,-51499,8221
2,743,1219,-51600,8234
2,744,1221,-51685,8247
2,745,1223,-51756,8261
2,746,1225,-51838,8273
2,747,1227,-51944,8286
2,749,1229,-52030,8300
2,748,1229,-52030,8300
2,750,1231,-52097,8313
2,751,1233,-52180,8326
2,752,1234,-52284,8339
2,753,1236,-52377,8352
2,754,1238,-52446,8365
2,755,1240,-52531,8378
2,756,1242,-52625,8391
2,757,1243,-52625,8400
2,758,1244,-52714,8404
2,759,1246,-52792,8417
2,760,1248,-52881,8430
2,761,1250,-52973,8443
2,762,1251,-53047,8456
2,763,1253,-53126,8469
2,764,1255,-53233,8482
2,765,1257,-53321,82,766,1258,-53321,8500
495
2,767,1259,-53397,8508
2,768,1261,-53464,8521
2,769,1263,-53564,8534
2,770,1265,-53671,8547
2,771,1267,-53742,8560
2,772,1268,-53817,8573
2,773,1270,-53912,8586
2,775,1272,-54001,8600
2,774,1272,-54001,8600
2,776,1274,-54089,8613
2,777,1276,-54162,8626
2,778,1278,-54266,8639
2,779,1280,-54351,8652
2,780,1282,-54421,8665
2,781,1284,-54519,8678
2,782,1285,-54613,8691
2,783,1287,-54613,8700
2,784,1287,-54699,8704
2,785,1289,-54756,8717
2,786,1291,-54857,8730
2,787,1293,-54967,8743
2,788,1295,-55035,8756
2,789,1297,-55107,8769
2,790,1299,-55202,8782
2,791,1301,-55299,2,792,1301,-55299,8800

795
2,793,1303,-55381,8808
2,794,1304,-55447,8821
2,795,1306,-55552,8834
2,796,1308,-55643,8848
2,797,1310,-55718,8860
2,798,1312,-55806,8873
2,799,1314,-55897,8887
2,801,1316,-55979,8900
2,800,1316,-55979,8899
2,802,1318,-56055,8913
2,803,1320,-56147,8926
2,804,1321,-56250,8939
2,805,1323,-56326,8952
2,806,1325,-56399,8965
2,807,1327,-56489,8978
2,808,1329,-56593,8991
2,809,1330,-56593,9000
2,810,1331,-56678,9004
2,811,1333,-56738,9017
2,812,1335,-56832,9030
2,813,1337,-56930,9043
2,814,1338,-57016,9056
2,815,1340,-57087,9069
2,816,1342,-57177,9082
2,817,1344,-57267,902,818,1345,-57267,9100
95
2,819,1346,-57348,9108
2,820,1348,-57428,9121
2,821,1350,-57525,9134
2,822,1352,-57612,9147
2,823,1354,-57682,9160
2,824,1355,-57765,9173
2,825,1357,-57872,9186
22,827,1359,-57954,9200

826,1359,-57954,9199
2,828,1361,-58026,9212
2,829,1363,-58104,9225
2,830,1365,-58206,9239
2,831,1367,-58300,9251
2,832,1369,-58367,9264
2,833,1371,-58453,9278
2,834,1372,-58545,9291
2,835,1374,-58545,9300
2,836,1374,-58637,9304
2,837,1376,-58710,9317
2,838,1378,-58792,9330
2,839,1380,-58891,9343
2,840,1382,-58967,9356
2,841,1384,-59044,9369
2,842,1386,-59142,9382
2,843,1388,-59229,932,844,1388,-59229,9400
95
2,845,1389,-59309,9408
2,846,1391,-59373,9421
2,847,1393,-59475,9434
2,848,1395,-59577,9447
2,849,1397,-59642,9460
2,850,1399,-59719,9473
2,851,1401,-59813,9486
2,2,853,1403,-59905,9500
852,1403,-59905,9499
2,854,1405,-59980,9512
2,855,1406,-60051,9525
2,856,1408,-60156,9538
2,857,1410,-60240,9551
2,858,1412,-60310,9564
2,859,1414,-60401,9577
2,860,1416,-60490,9590
2,861,1417,-60490,9600
2,862,1418,-60573,9603
2,863,1420,-60636,9616
2,864,1422,-60736,9629
2,865,1423,-60834,9642
2,866,1425,-60900,9655
2,867,1427,-60975,9668
2,868,1429,-61068,9681
2,869,1431,-61164,9694
2,870,1432,-61164,9700

2,871,1433,-61242,9708
2,872,1435,-61306,9721
2,873,1437,-61404,9734
2,874,1439,-61494,9747
2,875,1440,-61575,9760
2,876,1442,-61652,9773
2,877,1444,-61740,9786
2,2,879,1446,-61821,9800
878,1446,-61821,9799
2,880,1448,-61899,9812
2,881,1450,-61986,9825
2,882,1452,-62082,9838
2,883,1454,-62158,9851
2,884,1456,-62224,9864
2,885,1457,-62311,9877
2,886,1459,-62413,9890
2,887,1461,-62413,9900
2,888,1461,-62495,9903
2,889,1463,-62554,9916
2,890,1465,-62640,9929
2,891,1467,-62736,9942
2,892,1469,-62820,9955
2,893,1471,-62886,9968
2,894,1473,-62977,9981
2,895,1474,-63063,9994
2,896,1475,-63063,10000
2,897,1476,-63144,10008
2,898,1478,-63221,10021
2,899,1480,-63311,10034
2,900,1482,-63399,10047
2,901,1484,-63466,10060
2,902,1486,-63552,10073
2,903,1488,-63651,10087
2,904,1490,-63651,10100
2,905,1490,-63734,10100
2,906,1492,-63800,10113
2,907,1494,-63880,10127
2,908,1496,-63984,10140
2,909,1498,-64065,10153
2,910,1499,-64130,10166
2,911,1501,-64217,10179
2,912,1503,-64308,10193
2,913,1504,-64308,10200
2,914,1505,-64401,10206
2,915,1507,-64460,10219
2,916,1509,-64547,10233
2,917,1511,-64644,10246
2,918,1513,-64714,10259
2,919,1515,-64795,10272
2,920,1517,-64887,10285
2,92,922,1519,-64967,10300

1,1519,-64967,10298
2,923,1521,-65035,10312
2,924,1522,-65111,10325
2,925,1524,-65224,10338
2,926,1526,-65301,10351
2,927,1528,-65361,10364
2,928,1530,-65445,10378
2,929,1532,-65541,10391
2,930,1533,-65541,10400
2,931,1534,-65630,10404
2,932,1536,-65685,10417
2,933,1538,-65779,10431
2,934,1540,-65870,10444
2,935,1542,-65941,10457
2,936,1544,-66022,10470
2,937,1545,-66110,10484
2,938,1547,2,939,1548,-66191,10500
-66191,10497
2,940,1549,-66262,10510
2,941,1551,-66341,10523
2,942,1553,-66440,10536
2,943,1555,-66516,10550
2,944,1557,-66584,10563
2,945,1559,-66666,10576
2,946,1561,-66765,10589
2,947,1562,-66765,10600
2,948,1563,-66851,10603
2,949,1565,-66907,10616
2,950,1567,-66992,10629
2,951,1568,-67085,10642
2,952,1570,-67169,10656
2,953,1572,-67236,10669
2,954,1574,-67321,10682
2,955,1576,-67404,2,956,1577,-67404,10700
10695
2,957,1578,-67481,10709
2,958,1580,-67559,10722
2,959,1582,-67650,10735
2,960,1584,-67730,10748
2,961,1586,-67794,10761
2,962,1588,-67876,10775
2,963,1590,-67977,10788
2,964,1591,-67977,10800
2,965,1591,-68058,10801
2,966,1593,-68116,10814
2,967,1595,-68198,10828
2,968,1597,-68294,10841
2,969,1599,-68375,10854
2,970,1601,-68439,10867
2,971,1603,-68526,10880
2,972,1605,-68609,10894
2,973,1606,-68609,10900
2,974,1607,-68695,10907
2,975,1609,-68761,10920
2,976,1611,-68842,10933
2,977,1613,-68933,10947
2,978,1614,-69004,10960
2,979,1616,-69083,10973
2,980,1618,-69174,10986
2,982,1620,-69247,11000
2,981,1620,-69247,10999
2,983,1622,-69318,11013
2,984,1624,-69393,11026
2,985,1626,-69499,11039
2,986,1628,-69577,11052
2,987,1630,-69634,11066
2,988,1632,-69717,11079
2,989,1634,-69809,11092
2,990,1635,-69809,11100
2,991,1636,-69897,11106
2,992,1638,-69952,11119
2,993,1639,-70040,11132
2,994,1641,-70131,11145
2,995,1643,-70199,11158
2,996,1645,-70280,11171
2,997,1647,-70369,11185
2,998,2,999,1649,-70445,11200
1649,-70445,11198
2,1000,1651,-70510,11211
2,1001,1653,-70590,11225
2,1002,1655,-70693,11238
2,1003,1657,-70765,11251
2,1004,1659,-70830,11265
2,1005,1661,-70914,11278
2,1006,1663,-71007,11291
2,1007,1664,-71007,11300
2,1008,1665,-71091,11305
2,1009,1666,-71147,11318
2,1010,1668,-71237,11331
2,1011,1670,-71328,11345
2,1012,1672,-71403,11358
2,1013,1674,-71476,11372
2,1014,1676,-71560,11385
2,1012,1016,1678,-71640,11400
5,1678,-71640,11398
2,1017,1680,-71713,11412
2,1018,1682,-71796,11425
2,1019,1684,-71888,11438
2,1020,1686,-71961,11452
2,1021,1688,-72025,11465
2,1022,1690,-72111,11479
2,1023,1692,-72210,11492
2,1024,1693,-72210,11500
2,1025,1694,-72283,11505
2,1026,1696,-72342,11519
2,1027,1697,-72432,11532
2,1028,1699,-72527,11546
2,1029,1701,-72598,11559
2,1030,1703,-72667,11572
2,1031,1705,-72759,11586
22,1033,1707,-72836,11600
,1032,1707,-72836,11599
2,1034,1709,-72914,11613
2,1035,1711,-72991,11626
2,1036,1713,-73079,11639
2,1037,1715,-73155,11653
2,1038,1717,-73223,11666
2,1039,1719,-73318,11680
2,1040,1721,-73403,11693
2,1041,1722,-73403,11700
2,1042,1723,-73474,11706
2,1043,1725,-73538,11720
2,1044,1727,-73627,11733
2,1045,1729,-73725,11747
2,1046,1731,-73790,11760
2,1047,1732,-73860,11773
2,1048,1734,-73947,11787
2,1049,1736,-73947,11800
2,1050,1736,-74041,11800
2,1051,1738,-74106,11813
2,1052,1740,-74176,11827
2,1053,1742,-74273,11840
2,1054,1744,-74347,11854
2,1055,1746,-74416,11867
2,1056,1748,-74506,11880
2,1057,1750,-74588,11894
2,1058,1751,-74588,11900
2,1059,1752,-74663,11907
2,1060,1754,-74726,11921
2,1061,1756,-74830,11934
2,1062,1758,-74918,11947
2,1063,1760,-74974,11961
2,1064,1762,-75051,11974
2,1065,1764,-75144,11988
2,1066,1765,-75144,12000
2,1067,1765,-75239,12001
2,1068,1767,-75290,12014
2,1069,1769,-75369,12028
2,1070,1771,-75466,12041
2,1071,1773,-75538,12054
2,1072,1775,-75615,12068
2,1073,1777,-75698,12081
2,1074,1779,-75781,1202,1075,1780,-75781,12100
95
2,1076,1781,-75853,12108
2,1077,1783,-75925,12121
2,1078,1785,-76023,12135
2,1079,1787,-76102,12148
2,1080,1789,-76168,12161
2,1081,1791,-76246,12175
2,1082,1793,-76341,12188
2,1083,1794,-76341,12200
2,1084,1795,-76428,12202
2,1085,1797,-76481,12215
2,1086,1798,-76564,12228
2,1087,1800,-76660,12242
2,1088,1802,-76738,12255
2,1089,1804,-76804,12269
2,1090,1806,-76889,12282
2,1091,1808,-769732,1092,1809,-76973,12300

12295
2,1093,1810,-77051,12309
2,1094,1812,-77128,12322
2,1095,1814,-77218,12336
2,1096,1816,-77298,12349
2,1097,1818,-77361,12362
2,1098,1820,-77445,12376
2,1099,1822,-77542,12389
2,1100,1823,-77542,12400
2,1101,1824,-77622,12403
2,1102,1826,-77681,12416
2,1103,1828,-77763,12429
2,1104,1830,-77862,12443
2,1105,1831,-77937,12456
2,1106,1833,-78002,12469
2,1107,1835,-78093,12483
2,1108,1837,-2,1109,1838,-78175,12500
78175,12496
2,1110,1839,-78260,12510
2,1111,1841,-78326,12523
2,1112,1843,-78414,12537
2,1113,1845,-78498,12550
2,1114,1847,-78566,12563
2,1115,1849,-78656,12577
2,1116,1851,-78745,12590
2,1117,1852,-78745,12600
2,1118,1853,-78825,12604
2,1119,1855,-78881,12617
2,1120,1857,-78969,12630
2,1121,1859,-79075,12644
2,1122,1861,-79141,12657
2,1123,1863,-79207,12671
2,1124,1864,-79298,12684
2,1125,182,1126,1867,-79385,12700
66,-79385,12697
2,1127,1868,-79462,12711
2,1128,1870,-79527,12724
2,1129,1872,-79628,12738
2,1130,1874,-79708,12751
2,1131,1876,-79775,12764
2,1132,1878,-79858,12776
2,1133,1880,-79937,12789
2,1134,1882,-79937,12800
2,1135,1882,-80012,12801
2,1136,1884,-80062,12812
2,1137,1886,-80140,12824
2,1138,1888,-80227,12834
2,1139,1889,-80279,12845
2,1140,1891,-80329,12856
2,1141,1893,-80402,12866
2,1142,1895,-80461,12875
2,1143,1897,-80511,12885
2,1144,1899,-80575,12894
2,1145,1900,-80575,12900
LOG:service=motion,state=start_move,status=running
[FLOW start_move running]
