LOG:service=safety,state=init,status=normal
LOG:service=home,state=init,status=ok
LOG:service=probe,state=init,status=ok
LOG:service=motion,state=init,status=timers_ready
[FLOW queue_add ok id=2 dir=0x07 V=(8,0,0) S=(13000,0,0) depth=1]
LOG:service=motion,state=queue_add,status=frame=2 dirMask=0x07 queue=1
[FLOW start_move request depth=1 active=0 ids=(2) ]
[FLOW begin_segment id=2 dirMask=0x07 V(x,y,z)=(8,0,0) S(x,y,z)=(13000,0,0) ]
[FLOW pop_next id=2 remaining=0]\r\n
0,1,0,-13,1
0,2,0,-16,1
0,3,2,-16,2
0,4,3,-19,4
0,5,4,-32,5
0,6,6,-47,7
0,7,7,-60,10
0,8,9,-70,12
0,9,10,-86,15
0,10,11,-109,18
0,11,13,-136,22
0,12,14,-159,25
0,13,16,-179,29
0,14,17,-202,34
0,15,19,-233,38
0,16,20,-270,43
0,17,22,-304,48
0,18,23,-329,54
0,19,25,-358,59
0,20,26,-413,65
0,21,28,-470,71
0,22,29,-516,78
0,23,31,-552,85
0,24,32,-589,92
0,250,26,34,-640,100
,34,-640,99
0,27,35,-709,106
0,28,37,-763,114
0,29,38,-802,122
0,30,40,-855,131
0,31,42,-923,140
0,32,43,-991,148
0,33,45,-1050,158
0,34,46,-1098,167
0,35,48,-1163,177
0,36,49,-1233,187
0,37,510,38,51,-1303,200
,-1303,198
0,39,53,-1377,208
0,40,54,-1426,219
0,41,56,-1487,230
0,42,57,-1558,241
0,43,59,-1633,252
0,44,61,-1701,263
0,45,62,-1765,274
0,46,64,-1828,285
0,47,65,-1902,296
0,48,66,-1902,300

0,49,67,-1989,307
0,50,68,-2059,317
0,51,70,-2121,328
0,52,72,-2190,339
0,53,73,-2258,350
0,54,75,-2322,361
0,55,76,-2384,372
0,56,78,-2450,382
0,57,80,-2520,393
0,58,80,-2520,400
0,59,81,-2601,404
0,60,83,-2662,415
0,61,84,-2717,426
0,62,86,-2778,437
0,63,87,-2858,448
0,64,89,-2947,459
0,65,91,-3029,470
0,66,92,-3089,480
0,67,94,-3160,491
0,68,95,-3160,500
0,69,95,-3250,502
0,70,97,-3326,513
0,71,98,-3390,524
0,72,100,-3440,535
0,73,102,-3504,546
0,74,103,-3577,557
0,75,105,-3649,568
0,76,106,-3715,579
0,77,108,-3784,590
0,78,109,-3784,600
0,79,110,-3868,601
0,80,111,-3936,612
0,81,113,-3992,623
0,82,114,-4055,634
0,83,116,-4122,645
0,84,118,-4199,656
0,85,119,-4274,667
0,86,121,-4336,678
0,87,122,-4403,689
0,88,124,-4403,700
0,89,124,-4493,701
0,90,126,-4574,711
0,91,127,-4646,723
0,92,129,-4703,734
0,93,130,-4780,745
0,94,132,-4865,756
0,95,134,-4949,767
0,96,135,-5009,778
0,97,137,-5065,789
0,98,138,-5065,800
0,99,139,-5142,800
0,100,140,-5211,811
0,101,142,-5269,822
0,102,143,-5327,833
0,103,145,-5393,845
0,104,147,-5474,856
0,105,148,-5553,867
0,106,150,-5618,878
0,107,151,-5691,889
0,108,153,-5691,900
0,109,153,-5784,901
0,110,155,-5864,912
0,111,156,-5917,923
0,112,158,-5978,934
0,113,160,-6049,945
0,114,161,-6136,956
0,115,163,-6223,967
0,116,164,-6302,979
0,117,166,-6359,990
0,118,167,-6359,1000
0,119,168,-6448,1001
0,120,169,-6528,1012
0,121,171,-6590,1024
0,122,173,-6660,1035
0,123,174,-6744,1046
0,124,176,-6824,1058
0,125,177,-6889,1069
0,126,179,-6954,1080
0,127,181,-7026,1092
0,128,182,-7026,1100
0,129,182,-7135,1103
0,130,184,-7209,1114
0,131,186,-7258,1126
0,132,187,-7318,1137
0,133,189,-7402,1148
0,134,191,-7498,1159
0,135,192,-7588,1171
0,136,194,-7646,1182
0,137,196,-7717,1193
0,138,196,-7717,1200
0,139,197,-7818,1205
0,140,199,-7890,1216
0,141,200,-7953,1227
0,142,202,-8021,1239
0,143,204,-8106,1250
0,144,205,-8190,1261
0,145,207,-8256,1273
0,146,209,-8312,1284
0,147,210,-8386,1295
0,148,211,-8386,1300
0,149,212,-8490,1307
0,150,214,-8565,1318
0,151,215,-8626,1329
0,152,217,-8694,1341
0,153,219,-8777,1352
0,154,220,-8869,1363
0,155,222,-8939,1375
0,156,223,-8995,1386
0,157,225,0,158,225,-9057,1400
-9057,1397
0,159,227,-9149,1409
0,160,228,-9236,1420
0,161,230,-9296,1431
0,162,232,-9357,1443
0,163,233,-9439,1454
0,164,235,-9535,1465
0,165,237,-9593,1477
0,166,238,-9659,1488
0,168,240,-9745,1500
0,167,240,-9745,1499
0,169,242,-9835,1511
0,170,243,-9882,1522
0,171,245,-9931,1533
0,172,246,-10018,1545
0,173,248,-10108,1556
0,174,250,-10185,1568
0,175,251,-10242,1579
0,176,253,-10312,1590
0,177,254,-10312,1600
0,178,255,-10421,1602
0,179,256,-10494,1614
0,180,258,-10526,1625
0,181,260,-10594,1637
0,182,261,-10704,1648
0,183,263,-10785,1659
0,184,265,-10839,1671
0,185,266,-10900,1682
0,186,268,-10983,1694
0,187,269,-10983,1700
0,188,270,-11091,1705
0,189,271,-11146,1717
0,190,273,-11184,1728
0,191,275,-11273,1740
0,192,276,-11366,1751
0,193,278,-11437,1763
0,194,280,-11494,1774
0,195,281,-11566,1785
0,196,283,0,197,283,-11655,1800

11655,1797
0,198,285,-11746,1809
0,199,286,-11791,1820
0,200,288,-11853,1832
0,201,290,-11950,1843
0,202,291,-12034,1854
0,203,293,-12112,1866
0,204,295,-12157,1877
0,205,296,-12233,1889
0,206,298,-12233,1900
0,207,298,-12338,1901
0,208,300,-12402,1912
0,209,301,-12449,1923
0,210,303,-12527,1935
0,211,305,-12609,1946
0,212,306,-12699,1958
0,213,308,-12769,1969
0,214,310,-12821,1981
0,215,311,-12903,1992
0,216,312,-12903,2000
0,217,313,-12993,2004
0,218,315,-13055,2015
0,219,316,-13115,2027
0,220,318,-13194,2038
0,221,320,-13282,2050
0,222,321,-13354,2061
0,223,323,-13412,2072
0,224,325,-13481,2084
0,225,326,-13567,200,226,327,-13567,2100
95
0,227,328,-13655,2107
0,228,330,-13710,2118
0,229,331,-13763,2130
0,230,333,-13849,2141
0,231,335,-13946,2153
0,232,336,-14017,2164
0,233,338,-14070,2176
0,234,340,-14139,2187
0,0,236,341,-14218,2200

35,341,-14218,2199
0,237,343,-14308,2210
0,238,345,-14368,2222
0,239,346,-14427,2233
0,240,348,-14511,2245
0,241,350,-14594,2256
0,242,351,-14660,2268
0,243,353,-14721,2279
0,244,355,-14800,2290
0,245,356,-14800,2300
0,246,356,-14893,2302
0,247,358,-14955,2314
0,248,360,-15006,2325
0,249,361,-15084,2337
0,250,363,-15180,2348
0,251,365,-15257,2360
0,252,366,-15312,2371
0,253,368,-15369,2382
0,254,370,-15449,2394
0,255,370,-15449,2400
0,256,371,-15555,2405
0,257,373,-15616,2417
0,258,375,-15662,2428
0,259,376,-15741,2440
0,260,378,-15832,2451
0,261,380,-15905,2463
0,262,381,-15968,2474
0,263,383,-16034,2486
0,264,385,0,265,385,-16112,2500
-16112,2497
0,266,386,-16196,2509
0,267,388,-16248,2520
0,268,390,-16313,2532
0,269,391,-16403,2543
0,270,393,-16485,2555
0,271,395,-16548,2566
0,272,396,-16600,2577
0,273,398,-16673,2589
0,274,399,-16673,2600
0,275,400,-16779,2601
0,276,401,-16844,2612
0,277,403,-16891,2623
0,278,405,-16959,2635
0,279,406,-17042,2646
0,280,408,-17124,2658
0,281,410,-17194,2669
0,282,411,-17250,2681
0,283,413,-17324,2692
0,284,414,-17324,2700
0,285,415,-17416,2704
0,286,416,-17472,2715
0,287,418,-17530,2727
0,288,420,-17612,2738
0,289,421,-17698,2750
0,290,423,-17768,2761
0,291,425,-17820,2773
0,292,426,-17884,2784
0,293,428,-17972,2790,294,428,-17972,2800
5
0,295,430,-18062,2807
0,296,431,-18114,2819
0,297,433,-18168,2830
0,298,435,-18246,2842
0,299,436,-18337,2853
0,300,438,-18412,2865
0,301,440,-18465,2876
0,302,441,-18533,2887
0,0,304,443,-18610,2900
303,443,-18610,2899
0,305,445,-18688,2911
0,306,446,-18749,2922
0,307,448,-18817,2933
0,308,450,-18899,2945
0,309,451,-18976,2956
0,310,453,-19034,2968
0,311,454,-19093,2979
0,312,456,-19176,2991
0,313,457,-19176,3000
0,314,458,-19270,3003
0,315,460,-19330,3014
0,316,461,-19376,3025
0,317,463,-19445,3037
0,318,465,-19540,3048
0,319,466,-19620,3060
0,320,468,-19677,3071
0,321,470,-19735,3083
0,322,471,-19806,3094
0,323,472,-19806,3100
0,324,473,-19898,3106
0,325,475,-19963,3117
0,326,476,-20015,3129
0,327,478,-20092,3140
0,328,479,-20177,3152
0,329,481,-20240,3163
0,330,483,-20298,3174
0,331,484,-20371,3186
0,332,4860,333,486,-20451,3200
,-20451,3197
0,334,488,-20534,3209
0,335,489,-20577,3220
0,336,491,-20636,3232
0,337,493,-20728,3243
0,338,494,-20815,3255
0,339,496,-20878,3266
0,340,498,-20926,3278
0,341,499,-20990,3289
0,342,501,-20990,3300
0,343,501,-21093,3301
0,344,503,-21165,3312
0,345,504,-21211,3324
0,346,506,-21276,3335
0,347,508,-21356,3347
0,348,509,-21431,3358
0,349,511,-21500,3370
0,350,513,-21559,3381
0,351,514,-21631,3393
0,352,515,-21631,3400
0,353,516,-21722,3404
0,354,518,-21773,3416
0,355,519,-21827,3427
0,356,521,-21908,3439
0,357,523,-21994,3450
0,358,524,-22065,3462
0,359,526,-22115,3473
0,360,528,-22175,3485
0,361,529,-22259,0,362,530,-22259,3500
3496
0,363,531,-22349,3508
0,364,533,-22400,3519
0,365,534,-22456,3531
0,366,536,-22530,3542
0,367,538,-22614,3554
0,368,539,-22687,3565
0,369,541,-22742,3577
0,370,543,-22808,3588
0,372,544,-22883,3600
0,371,544,-22883,3599
0,373,546,-22955,3611
0,374,548,-23012,3623
0,375,549,-23083,3634
0,376,551,-23162,3646
0,377,553,-23237,3657
0,378,554,-23292,3669
0,379,556,-23350,3680
0,380,558,-23426,3691
0,381,559,-23426,3700
0,382,559,-23517,3703
0,383,561,-23575,3715
0,384,563,-23623,3726
0,385,564,-23690,3738
0,386,566,-23780,3749
0,387,568,-23857,3761
0,388,569,-23910,3772
0,389,571,-23971,3783
0,390,573,-24043,3795
0,391,573,-24043,3800
0,392,574,-24129,3806
0,393,576,-24189,3818
0,394,578,-24244,3829
0,395,579,-24320,3841
0,396,581,-24404,3852
0,397,583,-24469,3864
0,398,584,-24523,3875
0,399,586,-24592,3887
0,400,0,401,588,-24672,3900
588,-24672,3898
0,402,589,-24754,3910
0,403,591,-24801,3921
0,404,593,-24859,3933
0,405,594,-24945,3944
0,406,596,-25029,3955
0,407,598,-25091,3967
0,408,599,-25145,3978
0,409,601,-25210,3990
0,410,602,-25210,4000
0,411,603,-25304,4001
0,412,604,-25373,4013
0,413,606,-25421,4024
0,414,608,-25490,4036
0,415,609,-25574,4047
0,416,611,-25645,4059
0,417,613,-25705,4070
0,418,614,-25770,4082
0,419,616,-25845,4093
0,420,617,-25845,4100
0,421,618,-25936,4105
0,422,619,-25985,4116
0,423,621,-26037,4128
0,424,623,-26117,4139
0,425,624,-26205,4151
0,426,626,-26277,4162
0,427,628,-26327,4174
0,428,629,-26385,4185
0,429,631,-2640,430,631,-26466,4200
66,4197
0,431,633,-26558,4208
0,432,634,-26608,4220
0,433,636,-26667,4231
0,434,638,-26741,4243
0,435,639,-26820,4254
0,436,641,-26892,4265
0,437,643,-26952,4277
0,438,644,-27017,4288
0,439,646,-27017,4300
0,440,646,-27107,4300
0,441,648,-27168,4312
0,442,649,-27221,4323
0,443,651,-27297,4334
0,444,653,-27384,4346
0,445,654,-27461,4357
0,446,656,-27516,4369
0,447,658,-27571,4380
0,448,659,-27652,4392
0,449,660,-27652,4400
0,450,661,-27753,4404
0,451,663,-27810,4415
0,452,664,-27861,4426
0,453,666,-27930,4438
0,454,668,-28016,4449
0,455,669,-28098,4461
0,456,671,-28155,4472
0,457,673,-28216,4484
0,458,674,-28292,44950,459,675,-28292,4500

0,460,676,-28374,4507
0,461,678,-28434,4518
0,462,679,-28501,4530
0,463,681,-28576,4541
0,464,683,-28655,4553
0,465,684,-28716,4564
0,466,686,-28772,4576
0,467,688,-28846,4587
0,0,469,689,-28927,4600

68,689,-28927,4599
0,470,691,-29003,4610
0,471,693,-29048,4622
0,472,694,-29106,4633
0,473,696,-29195,4645
0,474,698,-29282,4656
0,475,699,-29339,4668
0,476,701,-29392,4679
0,477,703,-29458,4690
0,478,704,-29458,4700
0,479,704,-29548,4702
0,480,706,-29618,4714
0,481,708,-29670,4725
0,482,709,-29733,4737
0,483,711,-29818,4748
0,484,713,-29888,4760
0,485,714,-29946,4771
0,486,716,-30012,4783
0,487,718,-30085,4794
0,488,718,-30085,4800
0,489,719,-30172,4806
0,490,721,-30222,4817
0,491,723,-30273,4829
0,492,724,-30356,4840
0,493,726,-30443,4851
0,494,728,-30511,4863
0,495,729,-30565,4875
0,496,731,-30622,4886
0,497,7330,498,733,-30701,4900
,-30701,4897
0,499,734,-30794,4909
0,500,736,-30843,4920
0,501,738,-30901,4932
0,502,739,-30980,4943
0,503,741,-31057,4955
0,504,743,-31124,4966
0,505,744,-31186,4978
0,506,746,-31253,4989
0,507,747,-31253,5000
0,508,748,-31345,5001
0,509,749,-31401,5012
0,510,751,-31452,5024
0,511,753,-31526,5035
0,512,754,-31613,5047
0,513,756,-31689,5058
0,514,758,-31743,5070
0,515,759,-31797,5081
0,516,761,-31875,5092
0,517,762,-31875,5100
0,518,763,-31974,5104
0,519,764,-32028,5116
0,520,766,-32083,5127
0,521,768,-32150,5139
0,522,769,-32233,5150
0,523,771,-32311,5162
0,524,773,-32373,5173
0,525,774,-32435,5185
0,526,776,-325110,527,776,-32511,5200

5196
0,528,778,-32590,5208
0,529,779,-32646,5219
0,530,781,-32715,5231
0,531,783,-32795,5242
0,532,784,-32877,5254
0,533,786,-32936,5265
0,534,788,-32990,5277
0,535,789,-33064,5288
0,537,791,-33149,5300
0,536,791,-33149,5299
0,538,793,-33229,5311
0,539,794,-33279,5323
0,540,796,-33339,5334
0,541,798,-33427,5346
0,542,799,-33515,5357
0,543,801,-33580,5369
0,544,803,-33642,5380
0,545,804,-33710,5391
0,546,805,-33710,5400
0,547,806,-33798,5403
0,548,808,-33864,5415
0,549,809,-33927,5426
0,550,811,-34000,5438
0,551,813,-34090,5449
0,552,814,-34161,5461
0,553,816,-34221,5472
0,554,818,-34292,5484
0,555,819,-34376,5495
0,556,820,-34376,5500
0,557,821,-34473,5507
0,558,823,-34528,5518
0,559,824,-34571,5530
0,560,826,-34647,5541
0,561,828,-34745,5552
0,562,829,-34831,5564
0,563,831,-34889,5575
0,564,833,-34936,5587
0,5650,566,834,-34997,5600
,834,-34997,5598
0,567,836,-35104,5610
0,568,838,-35184,5621
0,569,839,-35242,5633
0,570,841,-35290,5644
0,571,843,-35364,5656
0,572,844,-35437,5667
0,573,846,-35504,5678
0,574,848,-35568,5690
0,575,849,-35568,5700
0,576,849,-35665,5702
0,577,851,-35745,5713
0,578,853,-35803,5725
0,579,854,-35847,5736
0,580,856,-35922,5748
0,581,858,-36021,5759
0,582,859,-36101,5770
0,583,861,-36153,5782
0,584,863,-36196,5793
0,585,863,-36196,5800
0,586,864,-36294,5805
0,587,866,-36386,5817
0,588,868,-36447,5828
0,589,869,-36493,5839
0,590,871,-36552,5851
0,591,873,-36636,5862
0,592,874,-36714,5874
0,593,876,-36790,5885
0,594,878,-360,595,878,-36858,5900
858,5897
0,596,879,-36938,5908
0,597,881,-36995,5920
0,598,883,-37052,5931
0,599,884,-37141,5943
0,600,886,-37241,5954
0,601,888,-37334,5965
0,602,889,-37401,5977
0,603,891,-37447,5988
0,604,892,-37447,6000
0,605,893,-37520,6000
0,606,894,-37606,6012
0,607,896,-37683,6023
0,608,898,-37740,6034
0,609,899,-37817,6046
0,610,901,-37903,6057
0,611,903,-37987,6069
0,612,904,-38069,6080
0,613,906,-38144,6092
0,614,907,-38144,6100
0,615,908,-38225,6103
0,616,909,-38282,6115
0,617,911,-38339,6126
0,618,913,-38405,6138
0,619,914,-38476,6149
0,620,916,-38554,6161
0,621,917,-38628,6172
0,622,919,-38690,6184
0,623,921,-38755,6195
0,624,921,-38755,6200

0,625,923,-38838,6207
0,626,924,-38910,6218
0,627,926,-38965,6230
0,628,928,-39030,6241
0,629,929,-39105,6253
0,630,931,-39190,6264
0,631,932,-39272,6276
0,632,934,-39350,6287
0,630,634,936,-39425,6300

,936,-39425,6298
0,635,937,-39512,6310
0,636,939,-39566,6321
0,637,941,-39623,6333
0,638,942,-39685,6344
0,639,944,-39759,6356
0,640,946,-39832,6367
0,641,947,-39902,6379
0,642,949,-39976,6390
0,643,950,-39976,6400
0,644,951,-40073,6402
0,645,952,-40153,6413
0,646,954,-40198,6425
0,647,956,-40248,6436
0,648,957,-40314,6448
0,649,959,-40422,6459
0,650,961,-40522,6471
0,651,962,-40605,6482
0,652,964,-40669,6493
0,653,965,-40669,6500
0,654,966,-40756,6505
0,655,967,-40832,6517
0,656,969,-40904,6528
0,657,971,-40972,6540
0,658,972,-41044,6551
0,659,974,-41117,6562
0,660,976,-41179,6574
0,661,977,-41236,6585
0,662,979,-40,663,979,-41300,6600
1300,6597
0,664,981,-41383,6608
0,665,982,-41437,6620
0,666,984,-41490,6631
0,667,986,-41554,6643
0,668,987,-41635,6654
0,669,989,-41722,6666
0,670,991,-41805,6677
0,671,992,-41872,6689
0,672,994,-41872,6700
0,673,994,-41967,6700
0,674,996,-42049,6712
0,675,997,-42125,6723
0,676,999,-42191,6735
0,677,1001,-42258,6746
0,678,1002,-42331,6758
0,679,1004,-42399,6769
0,680,1006,-42461,6781
0,681,1007,-42528,6792
0,682,1008,-42528,6800
0,683,1009,-42609,6804
0,684,1011,-42677,6816
0,685,1013,-42733,6827
0,686,1014,-42800,6839
0,687,1016,-42874,6851
0,688,1018,-42965,6862
0,689,1019,-43046,6874
0,690,1021,-43113,6885
0,691,1023,0,692,1023,-43192,6900
-43192,6897
0,693,1024,-43285,6909
0,694,1026,-43358,6920
0,695,1028,-43424,6932
0,696,1029,-43489,6944
0,697,1031,-43558,6955
0,698,1033,-43631,6967
0,699,1034,-43700,6979
0,700,1036,-43770,6990
0,701,1037,-43770,7000
0,702,1038,-43856,7002
0,703,1039,-43926,7013
0,704,1041,-43986,7025
0,705,1043,-44053,7037
0,706,1045,-44127,7048
0,707,1046,-44216,7060
0,708,1048,-44302,7071
0,709,1050,-44371,7083
0,710,1051,-44447,7095
0,711,1052,-44447,7100
0,712,1053,-44540,7107
0,713,1055,-44617,7118
0,714,1056,-44676,7130
0,715,1058,-44744,7141
0,716,1060,-44815,7153
0,717,1061,-44894,7164
0,718,1063,-44971,7176
0,719,1065,-45039,7188
0,721,1066,-45112,7200
0,720,1066,-45112,7199
0,722,1068,-45204,7211
0,723,1070,-45276,7223
0,724,1072,-45332,7234
0,725,1073,-45401,7246
0,726,1075,-45476,7258
0,727,1077,-45549,7269
0,728,1078,-45616,7281
0,729,1080,-45690,7292
0,730,1081,-45690,7300
0,731,1082,-45791,7304
0,732,1083,-45879,7316
0,733,1085,-45937,7327
0,734,1087,-46005,7339
0,735,1088,-46081,7351
0,736,1090,-46171,7362
0,737,1092,-46260,7374
0,738,1093,-46342,7385
0,739,1095,-0,740,1095,-46419,7400
46419,7397
0,741,1097,-46506,7409
0,742,1098,-46570,7420
0,743,1100,-46636,7432
0,744,1102,-46713,7443
0,745,1104,-46797,7455
0,746,1105,-46875,7467
0,747,1107,-46951,7478
0,748,1109,-47021,7490
0,749,1110,-47021,7500
0,750,1110,-47102,7502
0,751,1112,-47172,7513
0,752,1114,-47234,7525
0,753,1115,-47303,7536
0,754,1117,-47383,7548
0,755,1119,-47468,7560
0,756,1120,-47553,7571
0,757,1122,-47639,7583
0,758,1124,-47719,7594
0,759,1124,-47719,7600
0,760,1125,-47815,7606
0,761,1127,-47892,7618
0,762,1129,-47956,7630
0,763,1131,-48021,7641
0,764,1132,-48099,7653
0,765,1134,-48184,7664
0,766,1136,-48267,7676
0,767,1137,-48340,7687
0,0,769,1139,-48421,7700
768,1139,-48421,7699
0,770,1141,-48524,7711
0,771,1142,-48585,7722
0,772,1144,-48643,7734
0,773,1146,-48700,7746
0,774,1147,-48781,7757
0,775,1149,-48867,7769
0,776,1151,-48941,7780
0,777,1152,-49008,7792
0,778,1153,-49008,7800
0,779,1154,-49086,7804
0,780,1156,-49155,7815
0,781,1157,-49231,7827
0,782,1159,-49307,7838
0,783,1161,-49387,7850
0,784,1162,-49471,7862
0,785,1164,-49557,7873
0,786,1166,-49638,7885
0,787,1168,-4970,788,1168,-49716,7900
16,7896
0,789,1169,-49811,7908
0,790,1171,-49875,7920
0,791,1173,-49917,7931
0,792,1174,-49985,7943
0,793,1176,-50078,7955
0,794,1178,-50140,7966
0,795,1179,-50203,7978
0,796,1181,-50270,7990
0,797,1182,-50270,8000
0,798,1183,-50353,8001
0,799,1184,-50442,8013
0,800,1186,-50521,8024
0,801,1188,-50594,8036
0,802,1189,-50671,8048
0,803,1191,-50752,8059
0,804,1193,-50847,8071
0,805,1194,-50915,8082
0,806,1196,-50980,8094
0,807,1197,-50980,8100
0,808,1198,-51080,8106
0,809,1200,-51151,8118
0,810,1201,-51176,8129
0,811,1203,-51237,8141
0,812,1205,-51327,8152
0,813,1206,-51435,8164
0,814,1208,-51520,8176
0,815,1210,-51574,8187
0,0,817,1211,-51644,8200
816,1211,-51644,8199
0,818,1213,-51760,8211
0,819,1215,-51814,8222
0,820,1216,-51865,8234
0,821,1218,-51958,8245
0,822,1220,-52064,8257
0,823,1222,-52123,8269
0,824,1223,-52166,8280
0,825,1225,-52249,8292
0,826,1226,-52249,8300
0,827,1227,-52360,8304
0,828,1228,-52409,8315
0,829,1230,-52461,8327
0,830,1232,-52548,8338
0,831,1233,-52637,8350
0,832,1235,-52722,8362
0,833,1237,-52781,8373
0,834,1238,-52840,8385
0,835,1240,-520,836,1240,-52927,8400
927,8397
0,837,1242,-53017,8408
0,838,1243,-53070,8420
0,839,1245,-53139,8431
0,840,1247,-53222,8443
0,841,1248,-53315,8455
0,842,1250,-53374,8466
0,843,1252,-53433,8478
0,844,1254,-53515,8489
0,845,1255,-53515,8500
0,846,1255,-53619,8501
0,847,1257,-53683,8513
0,848,1259,-53731,8524
0,849,1260,-53800,8536
0,850,1262,-53898,8548
0,851,1264,-53992,8559
0,852,1265,-54043,8571
0,853,1267,-54105,8582
0,854,1269,-54182,8594
0,855,1269,-54182,8600
0,856,1270,-54281,8606
0,857,1272,-54347,8617
0,858,1274,-54403,8629
0,859,1275,-54479,8641
0,860,1277,-54569,8652
0,861,1279,-54641,8664
0,862,1281,-54701,8676
0,863,1282,-54775,8687
0,0,865,1284,-54856,8700
864,1284,-54856,8699
0,866,1286,-54941,8711
0,867,1287,-54989,8722
0,868,1289,-55061,8734
0,869,1291,-55157,8745
0,870,1292,-55243,8757
0,871,1294,-55300,8769
0,872,1296,-55356,8780
0,873,1297,-55432,8792
0,874,1298,-55432,8800
0,875,1299,-55541,8804
0,876,1301,-55607,8815
0,877,1302,-55651,8827
0,878,1304,-55726,8838
0,879,1306,-55818,8850
0,880,1308,-55893,8862
0,881,1309,-55957,8873
0,882,1311,-56023,8885
0,883,1313,-560,884,1313,-56102,8900
102,8896
0,885,1314,-56188,8908
0,886,1316,-56240,8920
0,887,1318,-56304,8931
0,888,1319,-56395,8943
0,889,1321,-56480,8955
0,890,1323,-56543,8966
0,891,1324,-56597,8978
0,892,1326,-56670,8989
0,893,1327,-56670,9000
0,894,1328,-56777,9001
0,895,1329,-56841,9012
0,896,1331,-56888,9024
0,897,1333,-56959,9036
0,898,1334,-57045,9047
0,899,1336,-57127,9059
0,900,1338,-57195,9071
0,901,1339,-57252,9082
0,902,1341,-57330,9094
0,903,1342,-57330,9100
0,904,1343,-57421,9106
0,905,1345,-57474,9117
0,906,1346,-57535,9129
0,907,1348,-57623,9140
0,908,1350,-57711,9152
0,909,1351,-57776,9164
0,910,1353,-57828,9175
0,911,1355,-57898,9187
0,90,913,1356,-57991,9200
12,1356,-57991,9199
0,914,1358,-58074,9210
0,915,1360,-58122,9222
0,916,1361,-58182,9234
0,917,1363,-58270,9245
0,918,1365,-58361,9257
0,919,1366,-58425,9268
0,920,1368,-58481,9280
0,921,1370,-58555,9292
0,922,1371,-58555,9300
0,923,1372,-58647,9303
0,924,1373,-58707,9315
0,925,1375,-58772,9327
0,926,1377,-58844,9338
0,927,1378,-58930,9350
0,928,1380,-59000,9362
0,929,1382,-59054,9373
0,930,1383,-59125,9385
0,931,1385,-59210,932,1386,-59211,9400
1,9396
0,933,1387,-59299,9408
0,934,1388,-59347,9420
0,935,1390,-59402,9431
0,936,1392,-59490,9443
0,937,1393,-59584,9455
0,938,1395,-59647,9466
0,939,1397,-59704,9478
0,940,1399,-59769,9489
0,941,1400,-59769,9500
0,942,1400,-59862,9501
0,943,1402,-59936,9513
0,944,1404,-59990,9524
0,945,1405,-60056,9536
0,946,1407,-60143,9547
0,947,1409,-60216,9559
0,948,1410,-60274,9571
0,949,1412,-60344,9582
0,950,1414,-60422,9594
0,951,1415,-60422,9600
0,952,1415,-60515,9606
0,953,1417,-60562,9617
0,954,1419,-60614,9629
0,955,1420,-60701,9641
0,956,1422,-60794,9652
0,957,1424,-60863,9664
0,958,1425,-60913,9675
0,959,1427,-60973,9687
0,90,961,1429,-61058,9700
60,1429,-61058,9699
0,962,1431,-61152,9711
0,963,1432,-61198,9722
0,964,1434,-61263,9734
0,965,1436,-61345,9745
0,966,1437,-61420,9757
0,967,1439,-61488,9769
0,968,1441,-61551,9780
0,969,1442,-61623,9792
0,970,1444,-61623,9800
0,971,1444,-61714,9804
0,972,1446,-61765,9815
0,973,1447,-61819,9827
0,974,1449,-61902,9838
0,975,1451,-61990,9850
0,976,1452,-62060,9862
0,977,1454,-62110,9873
0,978,1456,-62172,9885
0,979,1458,-6220,980,1458,-62259,9900
59,9896
0,981,1459,-62348,9908
0,982,1461,-62397,9920
0,983,1463,-62454,9931
0,984,1464,-62532,9943
0,985,1466,-62617,9955
0,986,1468,-62688,9966
0,987,1469,-62741,9978
0,988,1471,-62811,9990
0,989,1473,-62811,10000
0,990,1473,-62900,10001
0,991,1474,-62958,10013
0,992,1476,-63016,10025
0,993,1478,-63090,10037
0,994,1480,-63176,10048
0,995,1481,-63247,10060
0,996,1483,-63299,10072
0,997,1485,-63363,10084
0,998,1486,-63448,100,999,1487,-63448,10100
095
0,1000,1488,-63534,10107
0,1001,1490,-63584,10119
0,1002,1492,-63638,10131
0,1003,1493,-63725,10143
0,1004,1495,-63818,10155
0,1005,1497,-63880,10167
0,1006,1498,-63935,10179
0,1007,1500,-64006,10190
0,1008,1502,-64006,10200
0,1009,1502,-64102,10203
0,1010,1504,-64166,10214
0,1011,1505,-64221,10226
0,1012,1507,-64294,10238
0,1013,1509,-64384,10250
0,1014,1511,-64455,10262
0,1015,1512,-64508,10274
0,1016,1514,-64578,10286
0,1017,0,1018,1516,-64663,10300
1516,-64663,10298
0,1019,1518,-64750,10310
0,1020,1519,-64795,10322
0,1021,1521,-64859,10334
0,1022,1523,-64950,10346
0,1023,1524,-65035,10358
0,1024,1526,-65095,10369
0,1025,1528,-65151,10381
0,1026,1530,-65226,10393
0,1027,1531,-65226,10400
0,1028,1531,-65326,10405
0,1029,1533,-65384,10417
0,1030,1535,-65436,10429
0,1031,1537,-65521,10441
0,1032,1538,-65607,10453
0,1033,1540,-65671,10465
0,1034,1542,-65732,10477
0,1035,1543,-65806,10489
0,1036,1545,-65806,10500
0,1037,1545,-65907,10501
0,1038,1547,-65965,10513
0,1039,1549,-66011,10525
0,1040,1550,-66088,10537
0,1041,1552,-66184,10548
0,1042,1554,-66262,10560
0,1043,1556,-66316,10572
0,1044,1557,-66373,10584
0,1045,1559,-66450,1046,1560,-66458,10600

,10596
0,1047,1561,-66556,10608
0,1048,1562,-66604,10620
0,1049,1564,-66666,10632
0,1050,1566,-66746,10644
0,1051,1568,-66830,10656
0,1052,1569,-66902,10668
0,1053,1571,-66962,10679
0,1054,1573,-67038,10691
0,1055,1574,-67038,10700
0,1056,1575,-67132,10703
0,1057,1576,-67185,10715
0,1058,1578,-67243,10727
0,1059,1580,-67333,10739
0,1060,1581,-67426,10751
0,1061,1583,-67495,10763
0,1062,1585,-67543,10775
0,1063,1587,-67614,10787
0,100,1065,1589,-67710,10800
64,1588,-67710,10798
0,1066,1590,-67795,10811
0,1067,1592,-67844,10823
0,1068,1594,-67908,10834
0,1069,1595,-67999,10846
0,1070,1597,-68090,10858
0,1071,1599,-68149,10870
0,1072,1600,-68209,10882
0,1073,1602,-68287,10894
0,1074,1603,-68287,10900
0,1075,1604,-68374,10906
0,1076,1606,-68431,10918
0,1077,1607,-68496,10930
0,1078,1609,-68574,10942
0,1079,1611,-68657,10954
0,1080,1613,-68717,10966
0,1081,1614,-68773,10977
0,1082,1616,-68855,10989
0,1083,1618,-68855,11000
0,1084,1618,-68952,11001
0,1085,1620,-69009,11013
0,1086,1621,-69054,11025
0,1087,1623,-69125,11037
0,1088,1625,-69224,11049
0,1089,1626,-69302,11061
0,1090,1628,-69354,11073
0,1091,1630,-69414,11085
0,1092,1632,-0,1093,1632,-69490,11100

9490,11096
0,1094,1633,-69584,11109
0,1095,1635,-69642,11121
0,1096,1637,-69696,11133
0,1097,1639,-69783,11144
0,1098,1640,-69865,11156
0,1099,1642,-69924,11168
0,1100,1644,-69988,11180
0,1101,1645,-70064,11192
0,1102,1647,-70064,11200
0,1103,1647,-70158,11204
0,1104,1649,-70209,11216
0,1105,1651,-70259,11228
0,1106,1652,-70346,11240
0,1107,1654,-70440,11252
0,1108,1656,-70509,11264
0,1109,1658,-70560,11276
0,1110,1659,-70622,11287
0,1112,1661,-70709,11300
0,1111,1661,-70709,11299
0,1113,1663,-70800,11311
0,1114,1664,-70845,11323
0,1115,1666,-70914,11335
0,1116,1668,-71001,11347
0,1117,1670,-71077,11359
0,1118,1671,-71142,11371
0,1119,1673,-71205,11383
0,1120,1675,-71284,113950,1121,1676,-71284,11400

0,1122,1677,-71372,11407
0,1123,1678,-71418,11419
0,1124,1680,-71483,11431
0,1125,1682,-71575,11443
0,1126,1683,-71661,11454
0,1127,1685,-71721,11466
0,1128,1687,-71771,11478
0,1129,1689,-71847,11490
0,1130,1690,-71847,11500
0,1131,1690,-71954,11502
0,1132,1692,-72012,11514
0,1133,1694,-72063,11526
0,1134,1696,-72135,11538
0,1135,1697,-72221,11550
0,1136,1699,-72304,11562
0,1137,1701,-72364,11574
0,1138,1702,-72431,11585
0,1139,17040,1140,1705,-72513,11600
,-72513,11597
0,1141,1706,-72591,11609
0,1142,1708,-72648,11621
0,1143,1709,-72722,11633
0,1144,1711,-72811,11645
0,1145,1713,-72892,11657
0,1146,1715,-72945,11669
0,1147,1716,-73007,11681
0,1148,1718,-73091,11693
0,1149,1719,-73091,11700
0,1150,1720,-73192,11705
0,1151,1721,-73246,11717
0,1152,1723,-73297,11729
0,1153,1725,-73378,11740
0,1154,1727,-73479,11752
0,1155,1728,-73556,11764
0,1156,1730,-73614,11776
0,1157,1732,-73685,11788
0,1158,1734,-73685,11800
0,1159,1734,-73778,11800
0,1160,1735,-73850,11812
0,1161,1737,-73910,11824
0,1162,1739,-73984,11836
0,1163,1741,-74081,11848
0,1164,1742,-74161,11860
0,1165,1744,-74217,11872
0,1166,1746,-74286,11884
0,1167,1747,-74376,0,1168,1748,-74376,11900
11895
0,1169,1749,-74484,11908
0,1170,1751,-74553,11920
0,1171,1753,-74592,11932
0,1172,1754,-74639,11943
0,1173,1756,-74744,11955
0,1174,1758,-74826,11967
0,1175,1760,-74881,11979
0,1176,1761,-74937,11991
0,1177,1763,-74937,12000
0,1178,1763,-75049,12003
0,1179,1765,-75151,12015
0,1180,1767,-75217,12027
0,1181,1768,-75259,12039
0,1182,1770,-75323,12051
0,1183,1772,-75409,12063
0,1184,1773,-75479,12075
0,1185,1775,-75541,12086
0,110,1187,1777,-75621,12100
86,1777,-75621,12098
0,1188,1779,-75727,12111
0,1189,1780,-75791,12123
0,1190,1782,-75835,12134
0,1191,1784,-75909,12146
0,1192,1786,-76018,12158
0,1193,1787,-76106,12170
0,1194,1789,-76163,12182
0,1195,1791,-76212,12194
0,1196,1792,-76212,12200
0,1197,1792,-76306,12206
0,1198,1794,-76393,12218
0,1199,1796,-76452,12230
0,1200,1798,-76497,12242
0,1201,1799,-76581,12254
0,1202,1801,-76669,12266
0,1203,1803,-76747,12278
0,1204,1805,-76812,12290
0,1205,1806,-76812,12300
0,1206,1806,-76900,12302
0,1207,1808,-76974,12313
0,1208,1810,-77034,12325
0,1209,1811,-77094,12337
0,1210,1813,-77185,12349
0,1211,1815,-77289,12361
0,1212,1817,-77379,12373
0,1213,1818,-77436,12385
0,1214,1820,-0,1215,1821,-77495,12400

7495,12397
0,1216,1822,-77582,12409
0,1217,1824,-77650,12421
0,1218,1825,-77712,12433
0,1219,1827,-77787,12445
0,1220,1829,-77883,12456
0,1221,1830,-77981,12468
0,1222,1832,-78060,12480
0,1223,1834,-78129,12492
0,1224,1835,-78129,12500
0,1225,1836,-78207,12504
0,1226,1837,-78273,12516
0,1227,1839,-78334,12528
0,1228,1841,-78409,12540
0,1229,1843,-78488,12552
0,1230,1844,-78569,12564
0,1231,1846,-78633,12576
0,1232,1848,-78694,12587
0,1234,1850,-78765,12600
0,1233,1849,-78765,12599
0,1235,1851,-78857,12611
0,1236,1853,-78932,12623
0,1237,1855,-78990,12635
0,1238,1856,-79067,12647
0,1239,1858,-79151,12659
0,1240,1860,-79236,12671
0,1241,1862,-79318,12683
0,1242,1863,-79395,12695
0,1243,1864,-79395,12700

0,1244,1865,-79482,12707
0,1245,1867,-79551,12719
0,1246,1869,-79610,12730
0,1247,1870,-79671,12742
0,1248,1872,-79740,12754
0,1249,1874,-79814,12766
0,1250,1875,-79880,12778
0,1251,1877,-79956,12790
0,1252,1879,-79956,12800
0,1253,1879,-80057,12802
0,1254,1881,-80144,12814
0,1255,1882,-80204,12826
0,1256,1884,-80263,12838
0,1257,1886,-80333,12849
0,1258,1887,-80427,12861
0,1259,1889,-80516,12872
0,1260,1891,-80596,12883
0,1261,1893,-80661,12893
0,1262,1894,-80661,12900
0,1263,1894,-80757,12904
0,1264,1896,-80834,12914
0,1265,1898,-80874,12923
0,1266,1899,-80920,12933
0,1267,1901,-80970,12942
0,1268,1903,-81028,12951
0,1269,1904,-81085,12959
0,1270,1906,-81139,12968
0,1271,1908,-81193,12976
0,1272,1909,-81240,12983
0,1273,1911,-81279,12991
0,1274,1913,0,1275,1913,-81323,13000
-81323,12998
LOG:service=motion,state=start_move,status=running
[FLOW start_move running]
