LOG:service=safety,state=init,status=normal
LOG:service=home,state=init,status=ok
LOG:service=probe,state=init,status=ok
LOG:service=motion,state=init,status=timers_ready
[FLOW queue_add ok id=2 dir=0x07 V=(0,8,0) S=(0,13000,0) depth=1]
LOG:service=motion,state=queue_add,status=frame=2 dirMask=0x07 queue=1
[FLOW start_move request depth=1 active=0 ids=(2) ]
[FLOW begin_segment id=2 dirMask=0x07 V(x,y,z)=(0,8,0) S(x,y,z)=(0,13000,0) ]
[FLOW pop_next id=2 remaining=0]\r\n
1,1,0,1,1
1,2,0,1,1
1,3,1,2,2
1,4,3,4,3
1,5,4,6,5
1,6,6,6,7
1,7,7,8,9
1,8,8,10,12
1,9,10,13,15
1,10,11,16,18
1,11,13,20,21
1,12,14,22,25
1,13,16,24,29
1,14,17,27,34
1,15,19,32,38
1,16,20,36,43
1,17,22,39,48
1,18,24,40,54
1,19,25,44,60
1,20,27,52,66
1,21,28,60,72
1,22,30,64,78
1,23,31,68,85
1,24,33,74,92
1,25,34,74,100
1,26,34,81,100
1,27,36,86,108
1,28,38,90,116
1,29,39,94,124
1,30,41,102,132
1,31,42,113,141
1,32,44,122,151
1,33,46,127,160
1,34,47,132,170
1,35,49,141,180
1,36,51,149,191
1,37,52,149,200
1,38,52,159,201
1,39,54,167,212
1,40,55,176,224
1,41,57,186,235
1,42,59,193,246
1,43,60,200,257
1,44,62,209,268
1,45,64,220,279
1,46,65,231,291
1,47,67,231,300
1,48,67,240,302
1,49,68,242,313
1,50,70,250,324
1,51,72,262,335
1,52,73,276,347
1,53,75,284,358
1,54,77,288,369
1,55,78,293,380
1,56,80,304,391
1,57,81,304,400
1,58,81,319,403
1,59,83,328,414
1,60,85,334,425
1,61,86,340,436
1,62,88,348,447
1,63,90,359,459
1,64,91,370,470
1,65,93,378,481
1,66,94,386,492
1,67,96,386,500
1,68,96,394,504
1,69,98,400,515
1,70,99,410,526
1,71,101,422,537
1,72,103,432,548
1,73,104,440,560
1,74,106,444,571
1,75,107,452,582
1,76,109,464,593
1,77,110,464,600
1,78,111,478,605
1,79,112,485,616
1,80,114,489,628
1,81,116,496,639
1,82,117,508,650
1,83,119,520,661
1,84,121,530,673
1,85,122,536,684
1,86,124,542,696
1,87,125,542,700
1,88,126,551,707
1,89,127,562,718
1,90,129,572,729
1,91,130,582,741
1,92,132,590,752
1,93,134,595,764
1,94,135,604,775
1,95,137,615,786
1,96,139,1,97,139,626,800
626,797
1,98,140,636,809
1,99,142,640,820
1,100,144,646,831
1,101,145,658,843
1,102,147,671,854
1,103,149,681,866
1,104,150,687,877
1,105,152,692,889
1,106,154,692,900
1,107,154,704,901
1,108,155,715,912
1,109,157,724,924
1,110,159,732,935
1,111,160,740,947
1,112,162,748,958
1,113,164,758,969
1,114,165,768,981
1,115,167,778,992
1,116,168,778,1000
1,117,169,788,1004
1,118,170,793,1016
1,119,172,800,1027
1,120,174,812,1039
1,121,175,824,1051
1,122,177,834,1062
1,123,179,840,1074
1,124,180,846,1086
1,125,1821,126,183,856,1100

856,1097
1,127,184,870,1109
1,128,186,878,1121
1,129,187,886,1132
1,130,189,894,1144
1,131,191,903,1156
1,132,192,912,1167
1,133,194,922,1179
1,134,196,932,1191
1,135,197,932,1200
1,136,197,942,1202
1,137,199,948,1214
1,138,201,956,1226
1,139,202,966,1237
1,140,204,978,1249
1,141,206,988,1260
1,142,208,994,1272
1,143,209,1001,1284
1,144,211,1012,11,145,212,1012,1300

96
1,146,213,1025,1308
1,147,214,1033,1319
1,148,216,1040,1331
1,149,218,1048,1343
1,150,220,1059,1355
1,151,221,1069,1367
1,152,223,1078,1378
1,153,225,1088,1390
1,154,226,1088,1400
1,155,226,1097,1402
1,156,228,1104,1414
1,157,230,1113,1426
1,158,232,1124,1438
1,159,233,1136,1449
1,160,235,1144,1461
1,161,237,1150,1473
1,162,238,1158,1485
1,163,240,111,164,241,1170,1500
70,1497
1,165,242,1183,1508
1,166,244,1190,1520
1,167,245,1195,1532
1,168,247,1205,1544
1,169,249,1217,1556
1,170,250,1228,1567
1,171,252,1236,1579
1,172,254,1243,1591
1,173,255,1243,1600
1,174,256,1254,1603
1,175,257,1262,1615
1,176,259,1271,1627
1,177,261,1282,1639
1,178,262,1292,1651
1,179,264,1300,1662
1,180,266,1307,1674
1,181,268,1316,1686
1,182,21,183,270,1328,1700

9,1328,1698
1,184,271,1340,1710
1,185,273,1344,1721
1,186,274,1352,1733
1,187,276,1364,1745
1,188,278,1376,1757
1,189,280,1384,1769
1,190,281,1392,1780
1,191,283,1399,1792
1,192,284,1399,1800
1,193,285,1412,1804
1,194,286,1420,1816
1,195,288,1429,1828
1,196,290,1438,1840
1,197,292,1448,1852
1,198,293,1456,1863
1,199,295,1465,1875
1,200,297,1475,1887
1,1,202,299,1486,1900
201,298,1486,1899
1,203,300,1494,1911
1,204,302,1500,1923
1,205,304,1510,1934
1,206,305,1522,1946
1,207,307,1532,1958
1,208,309,1540,1970
1,209,310,1547,1982
1,210,312,1557,1993
1,211,313,1557,2000
1,212,314,1570,2005
1,213,316,1578,2017
1,214,317,1586,2029
1,215,319,1594,2041
1,216,321,1604,2053
1,217,322,1614,2064
1,218,324,1622,2076
1,219,326,1632,2088
1,220,328,1632,2100
1,221,328,1644,2100
1,222,329,1650,2112
1,223,331,1658,2124
1,224,333,1668,2135
1,225,334,1680,2147
1,226,336,1690,2159
1,227,338,1696,2171
1,228,340,1704,2183
1,229,341,1715,2194
1,230,342,1715,2200
1,231,343,1727,2206
1,232,345,1734,2218
1,233,346,1742,2230
1,234,348,1751,2242
1,235,350,1762,2254
1,236,352,1772,2266
1,237,353,1780,2277
1,238,355,1789,2289
1,239,357,1789,2300
1,240,357,1800,2301
1,241,358,1808,2313
1,242,360,1816,2325
1,243,362,1826,2337
1,244,364,1836,2348
1,245,365,1846,2360
1,246,367,1853,2372
1,247,369,1862,2384
1,248,370,1872,2391,249,371,1872,2400
6
1,250,372,1884,2407
1,251,374,1891,2419
1,252,376,1898,2431
1,253,377,1908,2443
1,254,379,1920,2454
1,255,381,1929,2466
1,256,382,1936,2478
1,257,384,1944,2490
1,258,386,1944,2500
1,259,386,1957,2502
1,260,388,1966,2514
1,261,389,1974,2526
1,262,391,1982,2537
1,263,393,1993,2549
1,264,394,2002,2561
1,265,396,2011,2573
1,266,398,2019,2585
1,267,400,2031,268,400,2030,2600
0,2596
1,269,401,2040,2609
1,270,403,2046,2620
1,271,405,2055,2632
1,272,406,2066,2644
1,273,408,2078,2656
1,274,410,2086,2668
1,275,412,2092,2679
1,276,413,2102,2691
1,277,415,2102,2700
1,278,415,2114,2703
1,279,417,2123,2715
1,280,418,2130,2727
1,281,420,2139,2739
1,282,422,2149,2750
1,283,424,2160,2762
1,284,425,2168,2774
1,285,427,2176,2786
1,286,41,287,429,2186,2800
29,2186,2797
1,288,430,2196,2809
1,289,432,2204,2821
1,290,434,2213,2833
1,291,436,2224,2845
1,292,437,2234,2857
1,293,439,2242,2869
1,294,441,2248,2880
1,295,442,2259,2892
1,296,444,2259,2900
1,297,444,2272,2904
1,298,446,2280,2916
1,299,448,2286,2928
1,300,449,2296,2940
1,301,451,2306,2952
1,302,453,2317,2963
1,303,454,2326,2975
1,304,456,2334,2987
1,1,306,458,2342,3000

05,458,2342,2999
1,307,460,2353,3011
1,308,461,2362,3022
1,309,463,2370,3034
1,310,465,2381,3046
1,311,466,2391,3058
1,312,468,2398,3070
1,313,470,2406,3081
1,314,472,2418,3093
1,315,473,2418,3100
1,316,473,2430,3105
1,317,475,2436,3117
1,318,477,2443,3129
1,319,479,2453,3141
1,320,480,2465,3153
1,321,482,2475,3164
1,322,484,2482,3176
1,323,485,2490,3188
1,324,487,2490,3200
1,325,487,2501,3200
1,326,489,2511,3212
1,327,491,2520,3224
1,328,492,2528,3236
1,329,494,2538,3247
1,330,496,2547,3259
1,331,497,2556,3271
1,332,499,2565,3283
1,333,501,2575,3295
1,334,502,2575,3300
1,335,503,2586,3307
1,336,504,2592,3318
1,337,506,2600,3330
1,338,508,2611,3342
1,339,509,2623,3354
1,340,511,2632,3366
1,341,513,2639,3377
1,342,515,2646,3389
1,343,516,2646,3400
1,344,516,2658,3401
1,345,518,2668,3413
1,346,520,2676,3425
1,347,521,2685,3437
1,348,523,2694,3448
1,349,525,2704,3460
1,350,527,2713,3472
1,351,528,2722,3484
1,352,530,2732,341,353,531,2732,3500
96
1,354,532,2742,3508
1,355,533,2748,3519
1,356,535,2758,3531
1,357,537,2769,3543
1,358,539,2780,3555
1,359,540,2788,3567
1,360,542,2795,3578
1,361,544,2804,3590
1,362,545,2804,3600
1,363,545,2817,3602
1,364,547,2826,3614
1,365,549,2834,3626
1,366,551,2842,3638
1,367,552,2852,3649
1,368,554,2862,3661
1,369,556,2870,3673
1,370,557,2880,3685
1,371,559,281,372,560,2890,3700
90,3696
1,373,561,2899,3708
1,374,563,2906,3720
1,375,564,2915,3732
1,376,566,2926,3744
1,377,568,2937,3756
1,378,569,2945,3767
1,379,571,2952,3779
1,380,573,2962,3791
1,381,574,2962,3800
1,382,575,2974,3803
1,383,576,2983,3815
1,384,578,2990,3827
1,385,580,2998,3839
1,386,581,3008,3851
1,387,583,3019,3862
1,388,585,3028,3874
1,389,587,3038,3886
1,390,51,391,589,3046,3900

8,3046,3898
1,392,590,3055,3910
1,393,592,3064,3921
1,394,593,3073,3933
1,395,595,3084,3945
1,396,597,3094,3957
1,397,599,3100,3969
1,398,600,3109,3980
1,399,602,3119,3992
1,400,603,3119,4000
1,401,604,3132,4004
1,402,605,3140,4016
1,403,607,3146,4028
1,404,609,3155,4040
1,405,611,3166,4051
1,406,612,3178,4063
1,407,614,3186,4075
1,408,616,3193,4087
1,1,410,618,3201,4100

09,617,3201,4099
1,411,619,3213,4111
1,412,621,3222,4123
1,413,623,3231,4134
1,414,624,3240,4146
1,415,626,3249,4158
1,416,628,3258,4170
1,417,629,3268,4181
1,418,631,3278,4193
1,419,632,3278,4200
1,420,633,3288,4205
1,421,635,3296,4217
1,422,636,3304,4229
1,423,638,3314,4241
1,424,640,3325,4253
1,425,641,3334,4264
1,426,643,3342,4276
1,427,645,3350,4288
1,428,647,3350,4300
1,429,647,3362,4300
1,430,648,3372,4312
1,431,650,3380,4324
1,432,652,3388,4336
1,433,653,3397,4347
1,434,655,3408,4359
1,435,657,3416,4371
1,436,659,3425,4383
1,437,660,3434,4394
1,438,661,3434,4400
1,439,662,3444,4406
1,440,664,3452,4418
1,441,665,3460,4430
1,442,667,3470,4442
1,443,669,3482,4454
1,444,671,3490,4466
1,445,672,3496,4477
1,446,674,3506,4489
1,447,676,3506,4500
1,448,676,3518,4501
1,449,677,3528,4513
1,450,679,3535,4525
1,451,681,3542,4537
1,452,683,3552,4548
1,453,684,3563,4560
1,454,686,3572,4572
1,455,688,3582,4584
1,456,689,3590,451,457,690,3590,4600
96
1,458,691,3600,4608
1,459,693,3608,4619
1,460,695,3618,4631
1,461,696,3628,4643
1,462,698,3638,4655
1,463,700,3646,4667
1,464,701,3654,4678
1,465,703,3664,4690
1,466,705,3664,4700
1,467,705,3676,4702
1,468,707,3684,4714
1,469,708,3692,4726
1,470,710,3700,4738
1,471,712,3710,4750
1,472,714,3721,4761
1,473,715,3731,4773
1,474,717,3739,4785
1,475,719,31,476,719,3747,4800

47,4797
1,477,720,3758,4809
1,478,722,3766,4821
1,479,724,3776,4832
1,480,726,3786,4844
1,481,727,3794,4856
1,482,729,3802,4868
1,483,731,3812,4880
1,484,732,3822,4891
1,485,734,3822,4900
1,486,734,3834,4903
1,487,736,3842,4915
1,488,738,3847,4927
1,489,739,3856,4939
1,490,741,3868,4951
1,491,743,3880,4962
1,492,744,3888,4974
1,493,746,3894,4986
1,494,1,495,748,3902,5000
748,3902,4998
1,496,750,3914,5010
1,497,751,3924,5022
1,498,753,3933,5033
1,499,755,3940,5045
1,500,756,3948,5057
1,501,758,3960,5069
1,502,760,3970,5081
1,503,762,3980,5093
1,504,763,3980,5100
1,505,763,3988,5105
1,506,765,3994,5117
1,507,767,4004,5128
1,508,768,4016,5140
1,509,770,4027,5152
1,510,772,4034,5164
1,511,774,4040,5175
1,512,775,4049,5187
11,514,777,4061,5200
,513,777,4061,5199
1,515,779,4073,5211
1,516,780,4080,5223
1,517,782,4086,5235
1,518,784,4096,5246
1,519,786,4107,5258
1,520,787,4118,5270
1,521,789,4126,5282
1,522,791,4134,5293
1,523,792,4134,5300
1,524,792,4142,5306
1,525,794,4152,5317
1,526,796,4163,5329
1,527,798,4173,5341
1,528,799,4182,5353
1,529,801,4189,5365
1,530,803,4197,5376
1,531,804,4208,5388
1,532,806,4208,5400
1,533,806,4221,5400
1,534,808,4229,5412
1,535,810,4235,5424
1,536,811,4242,5436
1,537,813,4254,5448
1,538,815,4267,5460
1,539,816,4276,5471
1,540,818,4282,5483
1,541,820,4290,5495
1,542,821,4290,5500

1,543,822,4301,5507
1,544,823,4313,5519
1,545,825,4322,5530
1,546,827,4330,5542
1,547,828,4337,5554
1,548,830,4346,5566
1,549,832,4358,5578
1,550,834,4368,5589
1,551,835,4368,5600
1,552,835,4378,5602
1,553,837,4384,5613
1,554,839,4392,5625
1,555,840,4402,5637
1,556,842,4416,5649
1,557,844,4425,5661
1,558,846,4431,5672
1,559,847,4438,5684
1,560,849,4448,1,561,850,4448,5700
5696
1,562,851,4462,5708
1,563,852,4470,5720
1,564,854,4478,5732
1,565,856,4486,5743
1,566,858,4495,5755
1,567,859,4506,5767
1,568,861,4516,5779
1,569,863,4526,5791
1,570,864,4526,5800
1,571,865,4535,5803
1,572,866,4542,5815
1,573,868,4550,5826
1,574,870,4562,5838
1,575,871,4574,5850
1,576,873,4582,5862
1,577,875,4588,5873
1,578,876,4596,5885
1,579,878,1,580,879,4608,5900
4608,5897
1,581,880,4622,5909
1,582,882,4628,5921
1,583,883,4634,5933
1,584,885,4642,5944
1,585,887,4654,5956
1,586,888,4666,5968
1,587,890,4675,5980
1,588,892,4682,5992
1,589,893,4682,6000
1,590,894,4691,6004
1,591,895,4699,6016
1,592,897,4710,6027
1,593,899,4721,6039
1,594,901,4730,6051
1,595,902,4738,6063
1,596,904,4744,6075
1,597,906,4754,6087
1,5981,599,908,4767,6100
,907,4767,6098
1,600,909,4778,6110
1,601,911,4783,6122
1,602,913,4790,6134
1,603,914,4800,6146
1,604,916,4814,6157
1,605,918,4824,6169
1,606,919,4831,6181
1,607,921,4838,6193
1,608,922,4838,6200
1,609,923,4848,6205
1,610,925,4858,6217
1,611,926,4868,6229
1,612,928,4878,6240
1,613,930,4886,6252
1,614,931,4893,6264
1,615,933,4902,6276
1,616,935,4914,6287
1,618,937,4926,6300
1,617,937,4926,6299
1,619,938,4934,6311
1,620,940,4938,6323
1,621,942,4946,6335
1,622,943,4960,6347
1,623,945,4972,6359
1,624,947,4980,6371
1,625,949,4986,6382
1,626,950,4994,6394
1,627,951,4994,6400
1,628,952,5006,6406
1,629,954,5017,6418
1,630,955,5026,6430
1,631,957,5034,6441
1,632,959,5042,6453
1,633,961,5050,6465
1,634,962,5061,6477
1,635,964,5072,6489
1,636,966,5072,6500
1,637,966,5083,6501
1,638,967,5089,6513
1,639,969,5094,6524
1,640,971,5105,6536
1,641,973,5118,6548
1,642,974,5130,6560
1,643,976,5136,6571
1,644,978,5142,6583
1,645,979,5150,6595
1,646,980,5150,6600
1,647,981,5165,6607
1,648,983,5175,6619
1,649,985,5182,6630
1,650,986,5190,6642
1,651,988,5198,6654
1,652,990,5209,6666
1,653,991,5220,6678
1,654,993,5230,6690
1,655,995,5230,6700
1,656,995,5239,6702
1,657,997,5244,6714
1,658,998,5252,6725
1,659,1000,5264,6737
1,660,1002,5278,6749
1,661,1003,5286,6761
1,662,1005,5291,6773
1,663,1007,5298,6785
1,664,1009,1,665,1009,5310,6800
5310,6797
1,666,1010,5325,6809
1,667,1012,5332,6821
1,668,1014,5338,6833
1,669,1016,5346,6845
1,670,1017,5358,6857
1,671,1019,5369,6869
1,672,1021,5379,6881
1,673,1023,5387,6893
1,674,1024,5387,6900
1,675,1024,5394,6905
1,676,1026,5402,6917
1,677,1028,5414,6929
1,678,1030,5426,6941
1,679,1031,5436,6953
1,680,1033,5442,6965
1,681,1035,5447,6977
1,682,1036,5460,6989
1,683,1038,5460,7000
1,684,1038,5475,7001
1,685,1040,5484,7013
1,686,1042,5488,7025
1,687,1043,5494,7037
1,688,1045,5506,7049
1,689,1047,5520,7061
1,690,1049,5530,7073
1,691,1050,5536,7085
1,692,1052,1,693,1053,5543,7100
5543,7097
1,694,1054,5554,7109
1,695,1056,5565,7121
1,696,1057,5575,7133
1,697,1059,5585,7145
1,698,1061,5592,7157
1,699,1063,5599,7169
1,700,1064,5610,7181
1,701,1066,5622,7193
1,702,1067,5622,7200
1,703,1068,5634,7205
1,704,1070,5640,7217
1,705,1071,5644,7229
1,706,1073,5656,7241
1,707,1075,5670,7253
1,708,1077,5680,7265
1,709,1078,5687,7277
1,710,1080,5692,7289
1,711,1082,5692,7300
1,712,1082,5704,7301
1,713,1083,5716,7313
1,714,1085,5725,7325
1,715,1087,5734,7337
1,716,1089,5742,7349
1,717,1090,5750,7361
1,718,1092,5760,7373
1,719,1094,5771,7385
1,720,1096,1,721,1096,5782,7400

782,7397
1,722,1097,5791,7409
1,723,1099,5796,7421
1,724,1101,5805,7433
1,725,1103,5818,7445
1,726,1104,5830,7457
1,727,1106,5838,7469
1,728,1108,5843,7481
1,729,1110,5852,7493
1,730,1111,5852,7500
1,731,1111,5866,7505
1,732,1113,5876,7517
1,733,1115,5883,7529
1,734,1117,5892,7541
1,735,1118,5901,7553
1,736,1120,5911,7565
1,737,1122,5920,7577
1,738,1123,5931,7589
1,739,1125,5931,7600
1,740,1125,5942,7601
1,741,1127,5948,7613
1,742,1129,5955,7625
1,743,1130,5966,7637
1,744,1132,5979,7649
1,745,1134,5989,7661
1,746,1136,5994,7673
1,747,1137,6002,7685
1,748,1139,1,749,1140,6013,7700

013,7697
1,750,1141,6026,7709
1,751,1143,6034,7721
1,752,1144,6041,7733
1,753,1146,6050,7745
1,754,1148,6061,7757
1,755,1150,6071,7769
1,756,1151,6080,7781
1,757,1153,6090,7793
1,758,1154,6090,7800
1,759,1155,6099,7805
1,760,1157,6106,7817
1,761,1158,6116,7829
1,762,1160,6128,7841
1,763,1162,6139,7853
1,764,1164,6146,7865
1,765,1165,6152,7877
1,766,1167,6162,7889
1,767,1169,6162,7900
1,768,1169,6176,7901
1,769,1170,6186,7913
1,770,1172,6192,7925
1,771,1174,6198,7937
1,772,1176,6210,7949
1,773,1177,6222,7961
1,774,1179,6232,7973
1,775,1181,6239,7985
1,776,1183,1,777,1183,6247,8000

247,7997
1,778,1184,6258,8009
1,779,1186,6266,8021
1,780,1188,6276,8033
1,781,1190,6288,8045
1,782,1191,6296,8057
1,783,1193,6304,8069
1,784,1195,6312,8081
1,785,1197,6324,8093
1,786,1198,6324,8100
1,787,1198,6336,8105
1,788,1200,6343,8117
1,789,1202,6348,8129
1,790,1204,6359,8141
1,791,1205,6372,8153
1,792,1207,6382,8165
1,793,1209,6390,8177
1,794,1211,6396,8189
1,795,1212,6396,8200
1,796,1212,6408,8201
1,797,1214,6418,8213
1,798,1216,6426,8225
1,799,1217,6436,8237
1,800,1219,6446,8249
1,801,1221,6455,8261
1,802,1223,6464,8273
1,803,1224,6473,8285
1,804,1226,61,805,1227,6484,8300
484,8297
1,806,1228,6494,8309
1,807,1230,6500,8321
1,808,1231,6509,8333
1,809,1233,6521,8345
1,810,1235,6532,8357
1,811,1237,6540,8369
1,812,1238,6546,8381
1,813,1240,6556,8393
1,814,1241,6556,8400
1,815,1242,6570,8405
1,816,1244,6578,8417
1,817,1245,6585,8429
1,818,1247,6594,8441
1,819,1249,6605,8453
1,820,1251,6614,8465
1,821,1252,6623,8477
1,822,1254,6632,8489
1,823,1256,6632,8500
1,824,1256,6644,8501
1,825,1257,6652,8513
1,826,1259,6660,8525
1,827,1261,6670,8537
1,828,1263,6681,8549
1,829,1264,6691,8561
1,830,1266,6697,8573
1,831,1268,6706,8585
1,832,1270,671,833,1270,6717,8600
17,8597
1,834,1271,6728,8609
1,835,1273,6736,8621
1,836,1275,6744,8633
1,837,1277,6754,8645
1,838,1278,6766,8657
1,839,1280,6774,8669
1,840,1282,6782,8681
1,841,1284,6792,8693
1,842,1285,6792,8700
1,843,1285,6802,8705
1,844,1287,6811,8717
1,845,1289,6819,8729
1,846,1291,6830,8741
1,847,1292,6840,8753
1,848,1294,6848,8765
1,849,1296,6857,8777
1,850,1298,6866,8789
1,851,1299,6866,8800
1,852,1299,6878,8801
1,853,1301,6888,8813
1,854,1303,6894,8825
1,855,1304,6902,8837
1,856,1306,6915,8849
1,857,1308,6926,8861
1,858,1310,6933,8873
1,859,1311,6941,8885
1,860,1313,61,861,1314,6950,8900
950,8897
1,862,1315,6963,8909
1,863,1317,6970,8921
1,864,1318,6979,8933
1,865,1320,6990,8945
1,866,1322,6999,8957
1,867,1324,7008,8969
1,868,1325,7016,8981
1,869,1327,7026,8993
1,870,1328,7026,9000
1,871,1329,7038,9005
1,872,1331,7045,9017
1,873,1332,7052,9029
1,874,1334,7064,9041
1,875,1336,7075,9053
1,876,1338,7084,9065
1,877,1339,7091,9077
1,878,1341,7099,9089
1,879,1343,7099,9100
1,880,1343,7112,9101
1,881,1344,7122,9113
1,882,1346,7129,9125
1,883,1348,7138,9137
1,884,1350,7148,9149
1,885,1351,7158,9161
1,886,1353,7167,9173
1,887,1355,7176,9185
1,888,1357,71,889,1357,7186,9200
186,9197
1,890,1358,7196,9209
1,891,1360,7203,9221
1,892,1362,7213,9233
1,893,1364,7224,9245
1,894,1365,7234,9257
1,895,1367,7242,9269
1,896,1369,7249,9281
1,897,1371,7260,9293
1,898,1372,7260,9300
1,899,1372,7273,9305
1,900,1374,7280,9317
1,901,1376,7288,9329
1,902,1378,7296,9341
1,903,1379,7308,9353
1,904,1381,7318,9365
1,905,1383,7326,9377
1,906,1385,7335,9389
1,907,1386,7335,9400
1,908,1386,7346,9401
1,909,1388,7354,9413
1,910,1390,7363,9425
1,911,1391,7373,9437
1,912,1393,7384,9449
1,913,1395,7393,9461
1,914,1397,7400,9473
1,915,1398,7410,9485
1,916,1400,1,917,1401,7420,9500

420,9497
1,918,1402,7432,9509
1,919,1404,7438,9521
1,920,1405,7446,9533
1,921,1407,7457,9545
1,922,1409,7469,9557
1,923,1411,7478,9569
1,924,1412,7486,9581
1,925,1414,7494,9593
1,926,1415,7494,9600
1,927,1416,7506,9605
1,928,1418,7515,9617
1,929,1419,7523,9629
1,930,1421,7533,9641
1,931,1423,7543,9653
1,932,1425,7551,9665
1,933,1426,7560,9677
1,934,1428,7570,9689
1,935,1430,7570,9700
1,936,1430,7582,9701
1,937,1432,7590,9713
1,938,1433,7596,9725
1,939,1435,7606,9737
1,940,1437,7618,9749
1,941,1438,7629,9761
1,942,1440,7636,9773
1,943,1442,7644,9785
1,944,1444,1,945,1444,7653,9800

653,9797
1,946,1445,7666,9809
1,947,1447,7674,9821
1,948,1449,7682,9833
1,949,1451,7692,9845
1,950,1452,7701,9857
1,951,1454,7711,9869
1,952,1456,7720,9881
1,953,1458,7730,9893
1,954,1459,7730,9900
1,955,1459,7741,9905
1,956,1461,7748,9917
1,957,1463,7756,9929
1,958,1465,7767,9941
1,959,1466,7778,9953
1,960,1468,7788,9965
1,961,1470,7794,9977
1,962,1472,7803,9989
1,963,1473,7803,10000
1,964,1473,7816,10001
1,965,1475,7826,10013
1,966,1477,7833,10025
1,967,1479,7842,10037
1,968,1480,7852,10049
1,969,1482,7862,10062
1,970,1484,7871,10074
1,971,1486,7880,10086
1,972,1,973,1488,7891,10100
1487,7891,10098
1,974,1489,7900,10110
1,975,1491,7908,10122
1,976,1493,7917,10135
1,977,1494,7929,10147
1,978,1496,7940,10159
1,979,1498,7947,10171
1,980,1500,7954,10183
1,981,1501,7965,1011,982,1502,7965,10200

5
1,983,1503,7978,10207
1,984,1505,7986,10220
1,985,1507,7994,10232
1,986,1509,8002,10244
1,987,1510,8014,10256
1,988,1512,8024,10268
1,989,1514,8033,10280
1,990,1516,8042,10292
1,991,1517,8042,10300
1,992,1517,8052,10305
1,993,1519,8061,10317
1,994,1521,8070,10329
1,995,1523,8080,10341
1,996,1524,8092,10353
1,997,1526,8099,10365
1,998,1528,8107,10377
1,999,1530,8116,10389
1,1000,1531,8116,10400
1,1001,1531,8130,10402
1,1002,1533,8139,10414
1,1003,1535,8145,10426
1,1004,1537,8154,10439
1,1005,1539,8166,10451
1,1006,1540,8178,10463
1,1007,1542,8186,10475
1,1008,1544,8194,10488
1,1009,1546,8194,10500
1,1010,1546,8204,10500
1,1011,1547,8215,10512
1,1012,1549,8224,10525
1,1013,1551,8234,10537
1,1014,1553,8243,10549
1,1015,1555,8252,10562
1,1016,1556,8262,10574
1,1017,1558,8272,10586
1,11,1019,1560,8282,10600

18,1560,8282,10599
1,1020,1562,8292,10611
1,1021,1564,8299,10623
1,1022,1565,8310,10636
1,1023,1567,8321,10648
1,1024,1569,8332,10660
1,1025,1571,8340,10673
1,1026,1572,8348,10685
1,1027,15741,1028,1575,8358,10700
,8358,10697
1,1029,1576,8370,10710
1,1030,1578,8378,10722
1,1031,1580,8386,10734
1,1032,1581,8397,10746
1,1033,1583,8408,10759
1,1034,1585,8416,10771
1,1035,1587,8426,10783
1,1036,1589,8436,11,1037,1589,8436,10800
0796
1,1038,1590,8446,10808
1,1039,1592,8453,10820
1,1040,1594,8462,10833
1,1041,1596,8473,10845
1,1042,1597,8484,10857
1,1043,1599,8492,10869
1,1044,1601,8500,10882
1,1045,1603,8510,10894
1,1046,1604,8510,10900
1,1047,1605,8522,10906
1,1048,1606,8532,10919
1,1049,1608,8539,10931
1,1050,1610,8548,10943
1,1051,1612,8560,10956
1,1052,1614,8570,10968
1,1053,1615,8579,10980
1,1054,1617,8588,10993
1,1055,1618,8588,11000
1,1056,1619,8598,11005
1,1057,1621,8607,11017
1,1058,1622,8616,11030
1,1059,1624,8627,11042
1,1060,1626,8638,11054
1,1061,1628,8646,11066
1,1062,1630,8654,11079
1,1063,1631,8664,11091
1,1064,1633,8664,11100
1,1065,1633,8677,11103
1,1066,1635,8686,11116
1,1067,1637,8692,11128
1,1068,1638,8702,11140
1,1069,1640,8714,11153
1,1070,1642,8724,11165
1,1071,1644,8734,11177
1,1072,1646,8742,11189
1,1073,1647,8742,11200
1,1074,1647,8752,11202
1,1075,1649,8762,11214
1,1076,1651,8770,11226
1,1077,1653,8781,11239
1,1078,1655,8791,11251
1,1079,1656,8799,11263
1,1080,1658,8808,11276
1,1081,1660,8818,11288
1,1082,1662,8818,11300
1,1083,1662,8832,11300
1,1084,1664,8840,11313
1,1085,1665,8845,11325
1,1086,1667,8854,11337
1,1087,1669,8866,11350
1,1088,1671,8879,11362
1,1089,1672,8887,11374
1,1090,1674,8894,11386
1,1,1092,1676,8902,11400

091,1676,8902,11399
1,1093,1678,8916,11411
1,1094,1680,8926,11424
1,1095,1681,8934,11436
1,1096,1683,8942,11448
1,1097,1685,8952,11460
1,1098,1687,8964,11473
1,1099,1688,8974,11485
1,1100,1691,1101,1691,8982,11500
0,8982,11497
1,1102,1692,8991,11509
1,1103,1694,8998,11522
1,1104,1696,9010,11534
1,1105,1697,9022,11546
1,1106,1699,9032,11559
1,1107,1701,9038,11571
1,1108,1703,9046,11583
1,1109,1705,9058,11,1110,1705,9058,11600
1596
1,1111,1706,9071,11608
1,1112,1708,9078,11620
1,1113,1710,9085,11633
1,1114,1712,9094,11645
1,1115,1713,9106,11657
1,1116,1715,9118,11669
1,1117,1717,9126,11682
1,1118,1719,9134,11694
1,1119,1720,9134,11700
1,1120,1721,9144,11707
1,1121,1722,9154,11719
1,1122,1724,9165,11731
1,1123,1726,9175,11743
1,1124,1728,9184,11756
1,1125,1730,9192,11768
1,1126,1731,9200,11780
1,1127,1733,9213,11793
1,1128,1734,9213,11800
1,1129,1735,9225,11805
1,1130,1737,9232,11817
1,1131,1738,9238,11830
1,1132,1740,9248,11842
1,1133,1742,9262,11854
1,1134,1744,9273,11866
1,1135,1746,9280,11879
1,1136,1747,9287,11891
1,1137,1749,9287,11900
1,1138,1749,9298,11903
1,1139,1751,9310,11916
1,1140,1753,9320,11928
1,1141,1754,9328,11940
1,1142,1756,9336,11953
1,1143,1758,9346,11965
1,1144,1760,9358,11977
1,1145,1762,9368,11989
1,1146,1763,9368,12000
1,1147,1763,9378,12002
1,1148,1765,9385,12014
1,1149,1767,9393,12026
1,1150,1769,9404,12039
1,1151,1771,9418,12051
1,1152,1772,9427,12063
1,1153,1774,9433,12075
1,1154,1776,9441,12088
1,1155,1778,9441,12100
1,1156,1778,9454,12100
1,1157,1779,9466,12112
1,1158,1781,9474,12125
1,1159,1783,9482,12137
1,1160,1785,9491,12149
1,1161,1787,9501,12162
1,1162,1788,9512,12174
1,1163,1790,9522,12186
1,111,1165,1792,9532,12200
64,1792,9532,12198
1,1166,1794,9540,12211
1,1167,1796,9547,12223
1,1168,1797,9559,12236
1,1169,1799,9572,12248
1,1170,1801,9582,12260
1,1171,1803,9588,12272
1,1172,1804,9595,12285
1,1173,18061,1174,1807,9608,12300
,9608,12297
1,1175,1808,9622,12309
1,1176,1810,9629,12322
1,1177,1812,9634,12334
1,1178,1813,9644,12346
1,1179,1815,9657,12359
1,1180,1817,9668,12371
1,1181,1819,9677,12383
1,1182,1821,9684,11,1183,1821,9684,12400
2395
1,1184,1822,9694,12408
1,1185,1824,9703,12420
1,1186,1826,9714,12432
1,1187,1828,9726,12445
1,1188,1829,9734,12457
1,1189,1831,9741,12469
1,1190,1833,9750,12482
1,1191,1835,9762,12494
1,1192,1836,9762,12500
1,1193,1837,9777,12507
1,1194,1838,9782,12519
1,1195,1840,9788,12531
1,1196,1842,9798,12543
1,1197,1844,9812,12556
1,1198,1846,9824,12568
1,1199,1847,9830,12580
1,1200,1849,9837,12593
1,1201,1850,9837,12600
1,1202,1851,9848,12605
1,1203,1853,9859,12617
1,1204,1854,9870,12630
1,1205,1856,9880,12642
1,1206,1858,9888,12654
1,1207,1860,9895,12666
1,1208,1862,9904,12679
1,1209,1863,9918,12691
1,1210,1865,9918,12700
1,1211,1865,9930,12703
1,1212,1867,9936,12716
1,1213,1869,9942,12728
1,1214,1871,9952,12740
1,1215,1872,9966,12753
1,1216,1874,9978,12765
1,1217,1876,9984,12777
1,1218,1878,9990,12789
1,1219,1879,9990,12800
1,1220,1879,10002,12802
1,1221,1881,10014,12815
1,1222,1883,10024,12827
1,1223,1885,10032,12839
1,1224,1887,10041,12852
1,1225,1888,10050,12864
1,1226,1890,10060,12875
1,1227,1892,10071,12887
1,1228,11,1229,1894,10080,12900
894,10080,12898
1,1230,1896,10087,12909
1,1231,1897,10092,12919
1,1232,1899,10100,12929
1,1233,1901,10112,12939
1,1234,1903,10121,12949
1,1235,1904,10126,12958
1,1236,1906,10131,12967
1,1237,1908,10139,12976
1,1238,1910,10146,12984
1,1239,1911,10151,12992
1,1240,1913,10151,13000
LOG:service=motion,state=start_move,status=running
[FLOW start_move running]
