LOG:service=safety,state=init,status=normal
LOG:service=home,state=init,status=ok
LOG:service=probe,state=init,status=ok
LOG:service=motion,state=init,status=timers_ready
[FLOW queue_add ok id=2 dir=0x07 V=(0,0,1) S=(0,0,400) depth=1]
LOG:service=motion,state=queue_add,status=frame=2 dirMask=0x07 queue=1
[FLOW start_move request depth=1 active=0 ids=(2) ]
[FLOW begin_segment id=2 dirMask=0x07 V(x,y,z)=(0,0,1) S(x,y,z)=(0,0,400) ]
[FLOW pop_next id=2 remaining=0]\r\n2,1,0,-17,1
2,2,0,-17,1
2,3,1,-29,2
2,4,3,-79,3
2,5,4,-147,5
2,6,6,-193,6
2,7,7,-195,8
2,8,9,-215,9
2,9,10,-282,11
2,10,12,-350,12
2,11,14,-387,14
2,12,15,-397,15
2,13,17,-428,17
2,14,18,-492,18
2,15,20,-549,20
2,16,21,-577,22
2,17,23,-597,23
2,18,25,-635,25
2,19,26,-692,26
2,20,28,-744,28
2,21,29,-777,29
2,22,31,-815,31
2,23,32,-850,32
2,24,34,-894,34
2,25,36,-942,35
2,26,37,-982,37
2,27,39,-1019,38
2,28,40,-1049,40
2,29,42,-1087,42
2,30,43,-1143,43
2,31,45,-1191,45
2,32,47,-1230,46
2,33,48,-1260,48
2,34,50,-1294,49
2,35,51,-1350,51
2,36,53,-1399,52
2,37,55,-1432,54
2,38,56,-1459,56
2,39,58,-1495,57
2,40,59,-1554,59
2,41,61,-1605,60
2,42,63,-1643,62
2,43,64,-1674,63
2,44,66,-1707,65
2,45,67,-1760,67
2,46,69,-1811,68
2,47,71,-1849,70
2,48,72,-1876,71
2,49,74,-1907,73
2,50,75,-1961,74
2,51,77,-2017,76
2,52,78,-2056,77
2,53,80,-2090,79
2,54,82,-2119,81
2,55,83,-2167,82
2,56,85,-2223,84
2,57,86,-2262,85
2,58,88,-2292,87
2,59,90,-2319,88
2,60,91,-2367,90
2,61,93,-2426,91
2,62,94,-2469,93
2,63,96,-2506,95
2,64,98,-2533,96
2,65,99,-2576,98
2,66,102,67,101,-2633,100
1,-2633,99
2,68,102,-2683,101
2,69,104,-2707,102
2,70,106,-2733,104
2,71,107,-2786,106
2,72,109,-2849,107
2,73,111,-2889,109
2,74,112,-2924,111
2,75,114,-2958,112
2,76,115,-3003,114
2,77,117,-3057,115
2,78,119,-3099,117
2,79,120,-3134,119
2,80,122,-3163,120
2,81,124,-3208,122
2,82,125,-3268,123
2,83,127,-3314,125
2,84,129,-3351,127
2,85,130,-3379,128
2,86,132,-3423,130
2,87,133,-3482,131
2,88,135,-3526,133
2,89,137,-3557,135
2,90,138,-3585,136
2,91,140,-3633,138
2,92,142,-3695,139
2,93,143,-3738,141
2,94,145,-3773,143
2,95,147,-3802,144
2,96,148,-3848,146
2,97,150,-3906,147
2,98,151,-3949,149
2,99,153,-3979,151
2,100,155,-4008,152
2,101,156,-4058,154
2,102,158,-4119,155
2,103,160,-4163,157
2,104,161,-4198,159
2,105,163,-4229,160
2,106,165,-4277,162
2,107,166,-4335,164
2,108,168,-4375,165
2,109,170,-4406,167
2,110,171,-4436,168
2,111,173,-4490,170
2,112,175,-4550,172
2,113,176,-4592,173
2,114,178,-4625,175
2,115,180,-4656,177
2,116,181,-4708,178
2,117,183,-4764,180
2,118,185,-4803,181
2,119,186,-4832,183
2,120,188,-4865,185
2,121,190,-4923,186
2,122,191,-4980,188
2,123,193,-5019,190
2,124,195,-5053,191
2,125,196,-5086,193
2,126,198,-5140,195
2,127,200,-5192,196
2,128,201,-5230,198
2,12,130,203,-5258,200
29,203,-5258,199
2,131,205,-5301,201
2,132,206,-5354,203
2,133,208,-5399,204
2,134,210,-5443,206
2,135,211,-5483,208
2,136,213,-5516,209
2,137,215,-5567,211
2,138,216,-5618,212
2,139,218,-5658,214
2,140,220,-5686,216
2,141,221,-5721,217
2,142,223,-5783,219
2,143,224,-5835,221
2,144,226,-5872,222
2,145,228,-5901,224
2,146,229,-5941,225
2,147,231,-6001,227
2,148,233,-6049,229
2,149,234,-6080,230
2,150,236,-6108,232
2,151,238,-6153,234
2,152,239,-6215,235
2,153,241,-6258,237
2,154,243,-6295,238
2,155,244,-6329,240
2,156,246,-6371,242
2,157,248,-6426,243
2,158,249,-6471,245
2,159,251,-6505,247
2,160,253,-6535,248
2,161,254,-6581,250
2,162,256,-6641,251
2,163,258,-6684,253
2,164,259,-6721,255
2,165,261,-6751,256
2,166,263,-6797,258
2,167,264,-6855,260
2,168,266,-6897,261
2,169,268,-6928,263
2,170,269,-6958,264
2,171,271,-7009,266
2,172,273,-7067,268
2,173,274,-7108,269
2,174,276,-7144,271
2,175,278,-7175,273
2,176,279,-7224,274
2,177,281,-7279,276
2,178,283,-7319,277
2,179,284,-7350,279
2,180,286,-7381,281
2,181,288,-7435,282
2,182,289,-7492,284
2,183,291,-7531,286
2,184,293,-7566,287
2,185,294,-7599,289
2,186,296,-7651,290
2,187,297,-7703,292
2,188,299,-7741,294
2,189,301,-7770,295
2,190,302,-7805,297
2,191,304,-7863,299
2,192,305,-7863,300
2,193,306,-7922,300
2,194,307,-7955,302
2,195,309,-7984,303
2,196,311,-8023,305
2,197,312,-8081,307
2,198,314,-8127,308
2,199,316,-8158,310
2,200,317,-8192,312
2,201,319,-8233,313
2,202,321,-8290,315
2,203,322,-8334,316
2,204,324,-8374,318
2,205,326,-8410,320
2,206,327,-8446,321
2,207,329,-8500,323
2,208,331,-8547,325
2,209,332,-8583,326
2,210,334,-8611,328
2,211,336,-8651,329
2,212,337,-8712,331
2,213,339,-8758,333
2,214,341,-8796,334
2,215,342,-8825,336
2,216,344,-8866,338
2,217,346,-8923,339
2,218,347,-8968,341
2,219,349,-8998,342
2,220,351,-9027,344
2,221,352,-9074,346
2,222,354,-9133,347
2,223,356,-9175,349
2,224,357,-9212,351
2,225,359,-9243,352
2,226,361,-9287,354
2,227,362,-9343,355
2,228,364,-9384,357
2,229,366,-9416,359
2,230,367,-9445,360
2,231,369,-9494,362
2,232,371,-9551,364
2,233,372,-9593,365
2,234,374,-9629,367
2,235,375,-9659,368
2,236,377,-9705,370
2,237,379,-9760,372
2,238,380,-9799,373
2,239,382,-9829,375
2,240,384,-9860,377
2,241,385,-9913,378
2,242,387,-9969,380
2,243,389,-10008,381
2,244,390,-10042,383
2,245,392,-10074,385
2,246,394,-10126,386
2,247,395,-10178,388
2,248,397,-10215,390
2,249,399,-10245,391
2,250,401,-10281,393
2,251,402,-10340,395
2,252,404,-10390,396
2,253,406,-10428,398
2,254,407,-1042,255,408,-10459,400

9,399
LOG:service=motion,state=start_move,status=running
[FLOW start_move running]
OG:service=safety,state=init,status=normal
LOG:service=home,state=init,status=ok
LOG:service=probe,state=init,status=ok
LOG:service=motion,state=init,status=timers_ready
[FLOW queue_add ok id=2 dir=0x07 V=(0,0,1) S=(0,0,1650) depth=1]
LOG:service=motion,state=queue_add,status=frame=2 dirMask=0x07 queue=1
[FLOW start_move request depth=1 active=0 ids=(2) ]
[FLOW begin_segment id=2 dirMask=0x07 V(x,y,z)=(0,0,1) S(x,y,z)=(0,0,1650) ]
[FLOW pop_next id=2 remaining=0]\r\n2,1,0,-21,1
2,2,0,-21,1
2,3,1,-33,2
2,4,3,-82,3
2,5,4,-148,5
2,6,6,-190,6
2,7,7,-194,8
2,8,9,-214,9
2,9,10,-279,11
2,10,12,-342,12
2,11,14,-377,14
2,12,15,-387,15
2,13,17,-418,17
2,14,18,-480,18
2,15,20,-534,20
2,16,21,-560,22
2,17,23,-582,23
2,18,25,-618,25
2,19,26,-673,26
2,20,28,-721,28
2,21,29,-753,29
2,22,31,-789,31
2,23,32,-822,32
2,24,34,-862,34
2,25,36,-908,35
2,26,37,-948,37
2,27,39,-984,38
2,28,40,-1013,40
2,29,42,-1051,42
2,30,43,-1105,43
2,31,45,-1151,45
2,32,47,-1187,46
2,33,48,-1216,48
2,34,50,-1248,49
2,35,51,-1301,51
2,36,53,-1347,52
2,37,55,-1379,54
2,38,56,-1405,56
2,39,58,-1440,57
2,40,59,-1496,59
2,41,61,-1543,60
2,42,63,-1579,62
2,43,64,-1609,63
2,44,66,-1640,65
2,45,67,-1689,66
2,46,69,-1738,68
2,47,70,-1773,70
2,48,72,-1801,71
2,49,74,-1831,73
2,50,75,-1882,74
2,51,77,-1934,76
2,52,78,-1972,77
2,53,80,-2005,79
2,54,82,-2032,81
2,55,83,-2076,82
2,56,85,-2129,84
2,57,86,-2167,85
2,58,88,-2196,87
2,59,90,-2222,88
2,60,91,-2267,90
2,61,93,-2322,91
2,62,94,-2362,93
2,63,96,-2396,95
2,64,98,-2424,96
2,65,99,-2462,98
2,66,1012,67,101,-2515,100

-2515,99
2,68,102,-2564,101
2,69,104,-2587,102
2,70,106,-2612,104
2,71,107,-2662,106
2,72,109,-2720,107
2,73,111,-2759,109
2,74,112,-2792,110
2,75,114,-2823,112
2,76,115,-2864,114
2,77,117,-2916,115
2,78,119,-2956,117
2,79,120,-2989,118
2,80,122,-3017,120
2,81,124,-3060,122
2,82,125,-3115,123
2,83,127,-3158,125
2,84,129,-3193,126
2,85,130,-3220,128
2,86,132,-3260,130
2,87,133,-3314,131
2,88,135,-3356,133
2,89,137,-3385,135
2,90,138,-3412,136
2,91,140,-3456,138
2,92,142,-3513,139
2,93,143,-3556,141
2,94,145,-3589,143
2,95,147,-3616,144
2,96,148,-3658,146
2,97,150,-3712,147
2,98,151,-3752,149
2,99,153,-3780,151
2,100,155,-3808,152
2,101,156,-3854,154
2,102,158,-3910,155
2,103,160,-3950,157
2,104,161,-3986,159
2,105,163,-4015,160
2,106,165,-4058,162
2,107,166,-4111,164
2,108,168,-4150,165
2,109,170,-4180,167
2,110,171,-4209,168
2,111,173,-4257,170
2,112,175,-4312,172
2,113,176,-4351,173
2,114,178,-4385,175
2,115,180,-4413,177
2,116,181,-4460,178
2,117,183,-4512,180
2,118,185,-4549,181
2,119,186,-4577,183
2,120,188,-4608,185
2,121,190,-4659,186
2,122,191,-4711,188
2,123,193,-4749,190
2,124,195,-4781,191
2,125,196,-4812,193
2,126,198,-4861,194
2,127,200,-4910,196
2,128,201,-4945,198
2,129,2,130,203,-4972,200
203,-4972,199
2,131,205,-5012,201
2,132,206,-5060,203
2,133,208,-5103,204
2,134,209,-5144,206
2,135,211,-5181,207
2,136,213,-5211,209
2,137,214,-5258,211
2,138,216,-5306,212
2,139,218,-5343,214
2,140,219,-5369,216
2,141,221,-5402,217
2,142,223,-5459,219
2,143,224,-5508,220
2,144,226,-5543,222
2,145,228,-5570,224
2,146,229,-5605,225
2,147,231,-5661,227
2,148,233,-5704,229
2,149,234,-5734,230
2,150,236,-5761,232
2,151,238,-5802,233
2,152,239,-5859,235
2,153,241,-5900,237
2,154,243,-5936,238
2,155,244,-5966,240
2,156,246,-6004,242
2,157,248,-6056,243
2,158,249,-6097,245
2,159,251,-6128,246
2,160,253,-6157,248
2,161,254,-6200,250
2,162,256,-6255,251
2,163,258,-6297,253
2,164,259,-6331,255
2,165,261,-6359,256
2,166,263,-6400,258
2,167,264,-6453,259
2,168,266,-6492,261
2,169,268,-6521,263
2,170,269,-6549,264
2,171,271,-6596,266
2,172,273,-6651,268
2,173,274,-6690,269
2,174,276,-6723,271
2,175,278,-6751,272
2,176,279,-6796,274
2,177,281,-6848,276
2,178,282,-6884,277
2,179,284,-6912,279
2,180,286,-6943,281
2,181,287,-6993,282
2,182,289,-7045,284
2,183,291,-7082,285
2,184,292,-7115,287
2,185,294,-7145,289
2,186,296,-7193,290
2,187,297,-7241,292
2,188,299,-7275,294
2,189,301,-7303,295
2,190,302,-7337,297
2,191,304,-7389,298
2,192,305,-7389,300
2,193,306,-7444,300
2,194,307,-7476,302
2,195,309,-7502,303
2,196,311,-7538,305
2,197,312,-7593,307
2,198,314,-7635,308
2,199,316,-7663,310
2,200,317,-7695,312
2,201,319,-7733,313
2,202,321,-7785,315
2,203,322,-7826,316
2,204,324,-7864,318
2,205,326,-7898,320
2,206,327,-7930,321
2,207,329,-7979,323
2,208,331,-8022,325
2,209,332,-8056,326
2,210,334,-8084,328
2,211,336,-8121,329
2,212,337,-8176,331
2,213,339,-8221,333
2,214,341,-8255,334
2,215,342,-8283,336
2,216,344,-8321,338
2,217,346,-8375,339
2,218,347,-8416,341
2,219,349,-8445,342
2,220,351,-8473,344
2,221,352,-8515,346
2,222,354,-8569,347
2,223,356,-8610,349
2,224,357,-8644,351
2,225,359,-8672,352
2,226,361,-8712,354
2,227,362,-8765,355
2,228,364,-8803,357
2,229,366,-8832,359
2,230,367,-8861,360
2,231,369,-8906,362
2,232,370,-8959,364
2,233,372,-8998,365
2,234,374,-9032,367
2,235,375,-9060,368
2,236,377,-9103,370
2,237,379,-9154,372
2,238,380,-9191,373
2,239,382,-9219,375
2,240,384,-9249,377
2,241,385,-9297,378
2,242,387,-9348,380
2,243,389,-9385,381
2,244,390,-9418,383
2,245,392,-9447,385
2,246,394,-9493,386
2,247,395,-9542,388
2,248,397,-9577,390
2,249,399,-9605,391
2,250,400,-9636,393
2,251,402,-9686,394
2,252,404,-9736,396
2,253,405,-9773,398
2,254,2,255,407,-9804,400
407,-9804,399
2,256,409,-9840,401
2,257,410,-9883,403
2,258,412,-9925,404
2,259,414,-9962,406
2,260,415,-9994,407
2,261,417,-10024,409
2,262,419,-10074,411
2,263,420,-10124,412
2,264,422,-10163,414
2,265,424,-10191,416
2,266,425,-10222,417
2,267,427,-10276,419
2,268,429,-10322,421
2,269,430,-10351,422
2,270,432,-10376,424
2,271,434,-10417,426
2,272,435,-10474,427
2,273,437,-10516,429
2,274,439,-10549,430
2,275,440,-10579,432
2,276,442,-10620,434
2,277,444,-10672,435
2,278,445,-10710,437
2,279,447,-10739,439
2,280,449,-10770,440
2,281,451,-10814,442
2,282,452,-10867,444
2,283,454,-10906,445
2,284,456,-10941,447
2,285,457,-10970,449
2,286,459,-11013,450
2,287,461,-11065,452
2,288,462,-11100,454
2,289,464,-11126,455
2,290,466,-11158,457
2,291,467,-11210,458
2,292,469,-11261,460
2,293,471,-11297,462
2,294,472,-11326,463
2,295,474,-11359,465
2,296,476,-11411,467
2,297,477,-11456,468
2,298,479,-11487,470
2,299,481,-11514,472
2,300,482,-11551,473
2,301,484,-11606,475
2,302,486,-11651,477
2,303,488,-11686,478
2,304,489,-11715,480
2,305,491,-11752,482
2,306,493,-11805,483
2,307,494,-11845,485
2,308,496,-11874,487
2,309,498,-11902,488
2,310,499,-11945,490
2,311,501,-12000,491
2,312,503,-12041,493
2,313,504,-12074,495
2,314,506,-12101,496
2,315,508,-12145,498
2,316,509,-12145,500
2,317,509,-12204,500
2,318,511,-12237,501
2,319,513,-12257,503
2,320,514,-12290,505
2,321,516,-12346,506
2,322,518,-12396,508
2,323,519,-12429,510
2,324,521,-12461,511
2,325,523,-12494,513
2,326,525,-12543,515
2,327,526,-12586,516
2,328,528,-12619,518
2,329,530,-12649,519
2,330,531,-12683,521
2,331,533,-12736,523
2,332,535,-12783,524
2,333,536,-12820,526
2,334,538,-12848,528
2,335,540,-12882,529
2,336,541,-12935,531
2,337,543,-12980,533
2,338,545,-13009,534
2,339,546,-13035,536
2,340,548,-13077,538
2,341,550,-13134,539
2,342,551,-13176,541
2,343,553,-13208,543
2,344,555,-13236,544
2,345,556,-13278,546
2,346,558,-13331,547
2,347,560,-13367,549
2,348,562,-13396,551
2,349,563,-13426,552
2,350,565,-13473,554
2,351,567,-13527,556
2,352,568,-13565,557
2,353,570,-13597,559
2,354,572,-13626,561
2,355,573,-13673,562
2,356,575,-13722,564
2,357,577,-13756,566
2,358,578,-13785,567
2,359,580,-13817,569
2,360,582,-13869,571
2,361,583,-13918,572
2,362,585,-13954,574
2,363,587,-13984,575
2,364,588,-14016,577
2,365,590,-14069,579
2,366,592,-14114,580
2,367,593,-14145,582
2,368,595,-14172,584
2,369,597,-14209,585
2,370,599,-14266,587
2,371,600,-14310,589
2,372,602,-14343,590
2,373,604,-14372,592
2,374,605,-14411,594
2,375,607,-14464,595
2,376,609,-14504,597
2,377,610,-14532,599
2,378,611,-14532,600
2,379,612,-14565,600
2,380,614,-14609,602
2,381,615,-14657,604
2,382,617,-14697,605
2,383,619,-14737,607
2,384,620,-14766,608
2,385,622,-14805,610
2,386,624,-14855,612
2,387,625,-14893,613
2,388,627,-14923,615
2,389,629,-14951,617
2,390,630,-15000,618
2,391,632,-15055,620
2,392,634,-15094,622
2,393,636,-15122,623
2,394,637,-15152,625
2,395,639,-15205,627
2,396,641,-15253,628
2,397,642,-15284,630
2,398,644,-15311,632
2,399,646,-15348,633
2,400,647,-15404,635
2,401,649,-15448,636
2,402,651,-15482,638
2,403,652,-15513,640
2,404,654,-15549,641
2,405,656,-15600,643
2,406,657,-15642,645
2,407,659,-15673,646
2,408,661,-15702,648
2,409,662,-15743,650
2,410,664,-15798,651
2,411,666,-15841,653
2,412,668,-15875,655
2,413,669,-15903,656
2,414,671,-15945,658
2,415,673,-15998,660
2,416,674,-16036,661
2,417,676,-16065,663
2,418,678,-16093,664
2,419,679,-16142,666
2,420,681,-16195,668
2,421,683,-16234,669
2,422,684,-16265,671
2,423,686,-16295,673
2,424,688,-16343,674
2,425,689,-16393,676
2,426,691,-16427,678
2,427,693,-16455,679
2,428,694,-16488,681
2,429,696,-16542,683
2,430,698,-16589,684
2,431,699,-16625,686
2,432,701,-16656,688
2,433,703,-16690,689
2,434,704,-16742,691
2,435,706,-16786,693
2,436,708,-16818,694
2,437,710,-16847,696
2,438,711,-16885,697
2,439,713,-12,440,713,-16940,700

940,699
2,441,715,-16990,701
2,442,716,-17018,702
2,443,718,-17045,704
2,444,720,-17092,706
2,445,721,-17146,707
2,446,723,-17181,709
2,447,725,-17210,711
2,448,726,-17243,712
2,449,728,-17289,714
2,450,730,-17340,716
2,451,731,-17378,717
2,452,733,-17415,719
2,453,735,-17446,721
2,454,736,-17488,722
2,455,738,-17538,724
2,456,740,-17576,725
2,457,742,-17606,727
2,458,743,-17636,729
2,459,745,-17686,730
2,460,747,-17739,732
2,461,748,-17778,734
2,462,750,-17808,735
2,463,752,-17838,737
2,464,753,-17891,739
2,465,755,-17938,740
2,466,757,-17970,742
2,467,758,-17998,744
2,468,760,-18033,745
2,469,762,-18090,747
2,470,763,-18138,749
2,471,765,-18172,750
2,472,767,-18202,752
2,473,768,-18239,753
2,474,770,-18293,755
2,475,772,-18336,757
2,476,773,-18366,758
2,477,775,-18394,760
2,478,777,-18437,762
2,479,778,-18493,763
2,480,780,-18534,765
2,481,782,-18569,767
2,482,784,-18598,768
2,483,785,-18641,770
2,484,787,-18694,772
2,485,789,-18731,773
2,486,790,-18762,775
2,487,792,-18791,777
2,488,794,-18840,778
2,489,795,-18894,780
2,490,797,-18933,781
2,491,799,-18966,783
2,492,800,-18995,785
2,493,802,-19044,786
2,494,804,-19094,788
2,495,805,-19129,790
2,496,807,-19157,791
2,497,809,-19190,793
2,498,810,-19246,795
2,499,812,-19296,796
2,500,814,-19333,798
2,501,815,-19333,800
2,502,816,-19366,800
2,503,817,-19403,801
2,504,819,-19450,803
2,505,821,-19493,805
2,506,822,-19530,806
2,507,824,-19560,808
2,508,826,-19597,810
2,509,827,-19652,811
2,510,829,-19699,813
2,511,831,-19736,814
2,512,832,-19761,816
2,513,834,-19802,818
2,514,836,-19858,819
2,515,837,-19899,821
2,516,839,-19928,823
2,517,841,-19955,824
2,518,842,-20004,826
2,519,844,-20063,828
2,520,846,-20102,829
2,521,847,-20134,831
2,522,849,-20164,833
2,523,851,-20213,834
2,524,853,-20264,836
2,525,854,-20300,838
2,526,856,-20329,839
2,527,858,-20362,841
2,528,859,-20415,842
2,529,861,-20466,844
2,530,863,-20506,846
2,531,864,-20537,847
2,532,866,-20568,849
2,533,868,-20621,851
2,534,869,-20669,852
2,535,871,-20701,854
2,536,873,-20728,856
2,537,874,-20766,857
2,538,876,-20824,859
2,539,878,-20872,861
2,540,879,-20907,862
2,541,881,-20936,864
2,542,883,-20975,866
2,543,884,-21030,867
2,544,886,-21074,869
2,545,888,-21104,870
2,546,889,-21132,872
2,547,891,-21177,874
2,548,893,-21234,875
2,549,895,-21278,877
2,550,896,-21312,879
2,551,898,-21340,880
2,552,900,-21386,882
2,553,901,-21441,884
2,554,903,-21480,885
2,555,905,-21509,887
2,556,906,-21540,889
2,557,908,-21591,890
2,558,910,-21647,892
2,559,911,-21687,894
2,560,913,-21719,895
2,561,915,-21749,897
2,562,916,-21800,898
2,563,917,-21800,900
2,564,918,-21857,900
2,565,920,-21887,902
2,566,921,-21910,903
2,567,923,-21950,905
2,568,925,-22011,907
2,569,926,-22057,908
2,570,928,-22091,910
2,571,930,-22124,912
2,572,932,-22162,913
2,573,933,-22216,915
2,574,935,-22259,917
2,575,937,-22294,918
2,576,938,-22323,920
2,577,940,-22364,922
2,578,942,-22421,923
2,579,943,-22467,925
2,580,945,-22504,926
2,581,947,-22531,928
2,582,948,-22573,930
2,583,950,-22630,931
2,584,952,-22672,933
2,585,953,-22701,935
2,586,955,-22729,936
2,587,957,-22779,938
2,588,958,-22837,940
2,589,960,-22879,941
2,590,962,-22912,943
2,591,963,-22942,945
2,592,965,-22992,946
2,593,967,-23045,948
2,594,969,-23082,950
2,595,970,-23111,951
2,596,972,-23144,953
2,597,974,-23200,954
2,598,975,-23252,956
2,599,977,-23291,958
2,600,979,-23324,959
2,601,980,-23357,961
2,602,982,-23412,963
2,603,984,-23459,964
2,604,985,-23494,966
2,605,987,-23522,968
2,606,989,-23560,969
2,607,990,-23620,971
2,608,992,-23668,973
2,609,994,-23705,974
2,610,995,-23735,976
2,611,997,-23776,978
2,612,999,-23832,979
2,613,1000,-23875,981
2,614,1002,-23908,983
2,615,1004,-23937,984
2,616,1006,-23985,986
2,617,1007,-24044,988
2,618,1009,-24087,989
2,619,1011,-24123,991
2,620,1012,-24154,993
2,621,1014,-24204,994
2,622,1016,-24258,996
2,623,1017,-24295,998
2,624,1019,2,625,1020,-24324,1000
-24324,999
2,626,1021,-24365,1001
2,627,1023,-24418,1003
2,628,1024,-24465,1004
2,629,1026,-24509,1006
2,630,1028,-24547,1008
2,631,1030,-24581,1009
2,632,1031,-24637,1011
2,633,1033,-24686,1013
2,634,1035,-24722,1014
2,635,1036,-24748,1016
2,636,1038,-24795,1018
2,637,1040,-24858,1019
2,638,1042,-24905,1021
2,639,1043,-24937,1023
2,640,1045,-24967,1025
2,641,1047,-25021,1026
2,642,1049,-25078,1028
2,643,1050,-25114,1030
2,644,1052,-25143,1031
2,645,1054,-25182,1033
2,646,1055,-25243,1035
2,647,1057,-25293,1036
2,648,1059,-25331,1038
2,649,1061,-25366,1040
2,650,1062,-25406,1042
2,651,1064,-25463,1043
2,652,1066,-25508,1045
2,653,1068,-25542,1047
2,654,1069,-25572,1048
2,655,1071,-25623,1050
2,656,1073,-25683,1052
2,657,1074,-25726,1053
2,658,1076,-25763,1055
2,659,1078,-25795,1057
2,660,1080,-25848,1058
2,661,1081,-25901,1060
2,662,1083,-25939,1062
2,663,1085,-25969,1064
2,664,1087,-26008,1065
2,665,1088,-26070,1067
2,666,1090,-26120,1069
2,667,1092,-26159,1070
2,668,1093,-26191,1072
2,669,1095,-26233,1074
2,670,1097,-26291,1075
2,671,1099,-26336,1077
2,672,1100,-26369,1079
2,673,1102,-26400,1080
2,674,1104,-26454,1082
2,675,1106,-26513,1084
2,676,1107,-26556,1086
2,677,1109,-26591,1087
2,678,1111,-26625,1089
2,679,1112,-26681,1091
2,680,1114,-26732,1092
2,681,1116,-26769,1094
2,682,1118,-26799,1096
2,683,1119,-26840,1097
2,684,1121,-22,685,1122,-26903,1100

903,1099
2,686,1123,-26957,1101
2,687,1125,-26988,1103
2,688,1126,-27018,1104
2,689,1128,-27072,1106
2,690,1130,-27131,1108
2,691,1131,-27166,1109
2,692,1133,-27199,1111
2,693,1135,-27238,1113
2,694,1137,-27294,1114
2,695,1138,-27346,1116
2,696,1140,-27387,1118
2,697,1142,-27428,1119
2,698,1144,-27463,1121
2,699,1145,-27517,1123
2,700,1147,-27566,1124
2,701,1149,-27606,1126
2,702,1151,-27636,1128
2,703,1152,-27678,1130
2,704,1154,-27741,1131
2,705,1156,-27790,1133
2,706,1157,-27828,1135
2,707,1159,-27857,1136
2,708,1161,-27908,1138
2,709,1163,-27968,1140
2,710,1164,-28008,1141
2,711,1166,-28038,1143
2,712,1168,-28072,1145
2,713,1170,-28131,1147
2,714,1171,-28188,1148
2,715,1173,-28228,1150
2,716,1175,-28262,1152
2,717,1176,-28301,1153
2,718,1178,-28360,1155
2,719,1180,-28408,1157
2,720,1182,-28443,1158
2,721,1183,-28473,1160
2,722,1185,-28521,1162
2,723,1187,-28584,1163
2,724,1189,-28630,1165
2,725,1190,-28669,1167
2,726,1192,-28702,1169
2,727,1194,-28754,1170
2,728,1195,-28811,1172
2,729,1197,-28850,1174
2,730,1199,-28882,1175
2,731,1201,-28917,1177
2,732,1202,-28977,1179
2,733,1204,-29030,1180
2,734,1206,-29070,1182
2,735,1208,-29104,1184
2,736,1209,-29145,1185
2,737,1211,-29205,1187
2,738,1213,-29251,1189
2,739,1214,-29286,1191
2,740,1216,-29317,1192
2,741,1218,-29367,1194
2,742,1220,-29429,1196
2,743,1221,-29474,1197
2,744,1223,-295112,745,1224,-29511,1200
,1199
2,746,1225,-29550,1201
2,747,1227,-29599,1202
2,748,1228,-29649,1204
2,749,1230,-29694,1206
2,750,1232,-29729,1208
2,751,1233,-29763,1209
2,752,1235,-29823,1211
2,753,1237,-29878,1213
2,754,1239,-29920,1214
2,755,1240,-29949,1216
2,756,1242,-29991,1218
2,757,1244,-30053,1219
2,758,1246,-30101,1221
2,759,1247,-30131,1223
2,760,1249,-30161,1224
2,761,1251,-30218,1226
2,762,1253,-30280,1228
2,763,1254,-30322,1230
2,764,1256,-30357,1231
2,765,1258,-30394,1233
2,766,1259,-30452,1235
2,767,1261,-30503,1236
2,768,1263,-30541,1238
2,769,1265,-30572,1240
2,770,1266,-30614,1241
2,771,1268,-30676,1243
2,772,1270,-30725,1245
2,773,1272,-30766,1246
2,774,1273,-30798,1248
2,775,1275,-30844,1250
2,776,1277,-30904,1252
2,777,1278,-30948,1253
2,778,1280,-30980,1255
2,779,1282,-31012,1257
2,780,1284,-31069,1258
2,781,1285,-31130,1260
2,782,1287,-31172,1262
2,783,1289,-31207,1263
2,784,1291,-31242,1265
2,785,1292,-31302,1267
2,786,1294,-31354,1268
2,787,1296,-31391,1270
2,788,1297,-31420,1272
2,789,1299,-31465,1274
2,790,1301,-31529,1275
2,791,1303,-31577,1277
2,792,1304,-31614,1279
2,793,1306,-31646,1280
2,794,1308,-31696,1282
2,795,1310,-31756,1284
2,796,1311,-31797,1285
2,797,1313,-31829,1287
2,798,1315,-31863,1289
2,799,1316,-31922,1290
2,800,1318,-31979,1292
2,801,1320,-32022,1294
2,802,1322,-32056,1296
2,803,1323,-32093,1297
2,804,1325,-32154,2,805,1326,-32154,1300
1299
2,806,1327,-32211,1301
2,807,1329,-32237,1302
2,808,1330,-32265,1304
2,809,1332,-32322,1306
2,810,1334,-32387,1307
2,811,1335,-32426,1309
2,812,1337,-32464,1311
2,813,1339,-32500,1313
2,814,1341,-32553,1314
2,815,1342,-32607,1316
2,816,1344,-32648,1318
2,817,1346,-32682,1319
2,818,1348,-32717,1321
2,819,1349,-32777,1323
2,820,1351,-32832,1324
2,821,1353,-32874,1326
2,822,1355,-32906,1328
2,823,1356,-32945,1329
2,824,1358,-33007,1331
2,825,1360,-33057,1333
2,826,1361,-33090,1335
2,827,1363,-33118,1336
2,828,1365,-33171,1338
2,829,1367,-33236,1340
2,830,1368,-33279,1341
2,831,1370,-33314,1343
2,832,1372,-33346,1345
2,833,1374,-33402,1346
2,834,1375,-33459,1348
2,835,1377,-33497,1350
2,836,1379,-33527,1351
2,837,1380,-33567,1353
2,838,1382,-33632,1355
2,839,1384,-33683,1357
2,840,1386,-33721,1358
2,841,1387,-33754,1360
2,842,1389,-33798,1362
2,843,1391,-33858,1363
2,844,1393,-33903,1365
2,845,1394,-33937,1367
2,846,1396,-33968,1368
2,847,1398,-34023,1370
2,848,1399,-34084,1372
2,849,1401,-34127,1373
2,850,1403,-34163,1375
2,851,1405,-34197,1377
2,852,1406,-34253,1379
2,853,1408,-34307,1380
2,854,1410,-34345,1382
2,855,1412,-34375,1384
2,856,1413,-34416,1385
2,857,1415,-34482,1387
2,858,1417,-34532,1389
2,859,1418,-34570,1390
2,860,1420,-34601,1392
2,861,1422,-34649,1394
2,862,1424,-34709,1396
2,863,1425,-34752,1397
2,864,1427,-34783,12,865,1428,-34783,1400
399
2,866,1429,-34824,1401
2,867,1431,-34877,1402
2,868,1432,-34927,1404
2,869,1434,-34973,1406
2,870,1436,-35014,1407
2,871,1438,-35048,1409
2,872,1439,-35102,1411
2,873,1441,-35156,1413
2,874,1443,-35196,1414
2,875,1444,-35222,1416
2,876,1446,-35265,1418
2,877,1448,-35331,1419
2,878,1450,-35381,1421
2,879,1451,-35415,1423
2,880,1453,-35444,1424
2,881,1455,-35498,1426
2,882,1457,-35559,1428
2,883,1458,-35598,1429
2,884,1460,-35627,1431
2,885,1462,-35665,1433
2,886,1463,-35726,1435
2,887,1465,-35778,1436
2,888,1467,-35817,1438
2,889,1469,-35855,1440
2,890,1470,-35894,1441
2,891,1472,-35951,1443
2,892,1474,-35999,1445
2,893,1476,-36036,1446
2,894,1477,-36067,1448
2,895,1479,-36115,1450
2,896,1481,-36176,1451
2,897,1482,-36221,1453
2,898,1484,-36258,1455
2,899,1486,-36291,1457
2,900,1488,-36343,1458
2,901,1489,-36400,1460
2,902,1491,-36440,1462
2,903,1493,-36471,1463
2,904,1495,-36508,1465
2,905,1496,-36569,1467
2,906,1498,-36620,1468
2,907,1500,-36659,1470
2,908,1501,-36694,1472
2,909,1503,-36734,1473
2,910,1505,-36793,1475
2,911,1507,-36840,1477
2,912,1508,-36875,1479
2,913,1510,-36905,1480
2,914,1512,-36957,1482
2,915,1514,-37017,1484
2,916,1515,-37059,1485
2,917,1517,-37096,1487
2,918,1519,-37131,1489
2,919,1520,-37184,1490
2,920,1522,-37238,1492
2,921,1524,-37277,1494
2,922,1526,-37308,1495
2,923,1527,-37347,1497
2,924,1529,-37410,1492,925,1530,-37410,1500

9
2,926,1531,-37465,1501
2,927,1533,-37497,1502
2,928,1534,-37527,1504
2,929,1536,-37578,1506
2,930,1538,-37637,1507
2,931,1540,-37675,1509
2,932,1541,-37708,1511
2,933,1543,-37744,1512
2,934,1545,-37799,1514
2,935,1546,-37853,1516
2,936,1548,-37894,1518
2,937,1550,-37934,1519
2,938,1552,-37970,1521
2,939,1553,-38022,1523
2,940,1555,-38073,1524
2,941,1557,-38112,1526
2,942,1559,-38143,1528
2,943,1560,-38182,1529
2,944,1562,-38245,1531
2,945,1564,-38294,1533
2,946,1565,-38332,1534
2,947,1567,-38363,1536
2,948,1569,-38410,1538
2,949,1571,-38469,1540
2,950,1572,-38509,1541
2,951,1574,-38541,1543
2,952,1576,-38573,1545
2,953,1578,-38630,1546
2,954,1579,-38686,1548
2,955,1581,-38727,1550
2,956,1583,-38762,1551
2,957,1584,-38798,1553
2,958,1586,-38855,1555
2,959,1588,-38903,1556
2,960,1590,-38940,1558
2,961,1591,-38969,1560
2,962,1593,-39014,1562
2,963,1595,-39076,1563
2,964,1597,-39121,1565
2,965,1598,-39158,1567
2,966,1600,-39189,1568
2,967,1602,-39238,1570
2,968,1603,-39295,1572
2,969,1605,-39335,1573
2,970,1607,-39366,1575
2,971,1609,-39401,1577
2,972,1610,-39460,1579
2,973,1612,-39512,1580
2,974,1614,-39551,1582
2,975,1616,-39586,1584
2,976,1617,-39623,1585
2,977,1619,-39680,1587
2,978,1621,-39727,1589
2,979,1622,-39762,1590
2,980,1624,-39792,1592
2,981,1626,-39840,1594
2,982,1628,-39900,1595
2,983,1629,-39944,1597
2,984,1631,-39981,15992,985,1632,-39981,1600

2,986,1633,-40019,1601
2,987,1635,-40065,1602
2,988,1636,-40113,1604
2,989,1638,-40156,1606
2,990,1640,-40192,1607
2,991,1642,-40225,1609
2,992,1643,-40281,1611
2,993,1645,-40334,1612
2,994,1647,-40375,1614
2,995,1648,-40404,1616
2,996,1650,-40441,1617
2,997,1652,-40501,1619
2,998,1654,-40548,1621
2,999,1655,-40580,1623
2,1000,1657,-40609,1624
2,1001,1659,-40661,1626
2,1002,1661,-40722,1628
2,1003,1662,-40762,1629
2,1004,1664,-40796,1631
2,1005,1666,-40830,1633
2,1006,1668,-40885,1635
2,1007,1669,-40936,1636
2,1008,1671,-40973,1638
2,1009,1673,-41005,1640
2,1010,1675,-41048,1641
2,1011,1676,-41108,1643
2,1012,1678,-41154,1645
2,1013,1680,-41193,1647
2,1014,1682,-41224,1648
LOG:service=motion,state=start_move,status=running
[FLOW start_move running]
OG:service=safety,state=init,status=normal
LOG:service=home,state=init,status=ok
LOG:service=probe,state=init,status=ok
LOG:service=motion,state=init,status=timers_ready
[FLOW queue_add ok id=2 dir=0x07 V=(0,0,1) S=(0,0,1650) depth=1]
LOG:service=motion,state=queue_add,status=frame=2 dirMask=0x07 queue=1
LOG:service=safety,state=init,status=normal
LOG:service=home,state=init,status=ok
LOG:service=probe,state=init,status=ok
LOG:service=motion,state=init,status=timers_ready
[FLOW queue_add ok id=2 dir=0x07 V=(0,0,8) S=(0,0,1650) depth=1]
LOG:service=motion,state=queue_add,status=frame=2 dirMask=0x07 queue=1
[FLOW start_move request depth=1 active=0 ids=(2) ]
[FLOW begin_segment id=2 dirMask=0x07 V(x,y,z)=(0,0,8) S(x,y,z)=(0,0,1650) ]
[FLOW pop_next id=2 remaining=0]\r\n2,1,0,0,1
2,2,0,0,1
2,3,1,-2,2
2,4,3,-40,3
2,5,4,-110,5
2,6,6,-164,7
2,7,8,-207,10
2,8,9,-269,12
2,9,11,-361,16
2,10,12,-453,19
2,11,14,-533,23
2,12,16,-622,27
2,13,17,-744,31
2,14,19,-876,36
2,15,20,-988,41
2,16,22,-1104,46
2,17,24,-1257,52
2,18,26,-1420,58
2,19,27,-1566,64
2,20,29,-1716,71
2,21,31,-1888,77
2,22,32,-2082,85
2,23,34,-2264,92
2,24,36,-2264,100
2,25,36,-2468,100
2,26,38,-2650,108
2,27,39,-2854,117
2,28,41,-3085,126
2,29,43,-3322,135
2,30,45,-3535,144
2,31,46,-3761,154
2,32,48,-4022,164
2,33,50,-4284,174
2,34,52,-4530,185
2,35,53,-4785,192,36,54,-4785,200


2,37,55,-5089,207
2,38,57,-5337,219
2,39,59,-5621,231
2,40,61,-5945,243
2,41,62,-6244,255
2,42,64,-6512,267
2,43,66,-6798,279
2,44,68,-7111,291
2,45,69,-7111,300
2,46,69,-7444,304
2,47,71,-7666,316
2,48,73,-7939,328
2,49,75,-8282,340
2,50,76,-8594,352
2,51,78,-8840,365
2,52,80,-9115,377
2,53,82,-9439,389
2,54,83,-9439,400
2,55,84,-9764,401
2,56,85,-9992,413
2,57,87,-10259,426
2,58,89,-10607,438
2,59,91,-10903,450
2,60,92,-11159,462
2,61,94,-11452,475
2,62,96,-11775,487
2,64,98,-12053,500
2,63,98,-12053,499
2,65,100,-12332,512
2,66,101,-12606,524
2,67,103,-12948,537
2,68,105,-13261,549
2,69,107,-13526,562
2,70,109,-13811,574
2,71,110,-14136,587
2,73,112,-14431,600
2,72,112,-14431,599
2,74,114,-14722,612
2,75,116,-14989,625
2,76,118,-15335,637
2,77,120,-15649,650
2,78,121,-15923,662
2,79,123,-16206,674
2,80,125,-16538,687
2,82,127,-16834,700
2,81,127,-16834,699
2,83,129,-17129,712
2,84,130,-17405,725
2,85,132,-17756,737
2,86,134,-18074,750
2,87,136,-18347,762
2,88,138,-18639,775
2,89,140,-18977,787
2,90,141,-19275,800
2,91,141,-19275,800
2,92,143,-19573,812
2,93,145,-19857,825
2,94,147,-20215,837
2,95,149,-20540,850
2,96,150,-20818,862
2,97,152,-21121,875
2,98,154,-21463,887
2,99,156,-21463,900
2,100,156,-21813,900
2,101,158,-22079,913
2,102,160,-22370,925
2,103,161,-22748,938
2,104,163,-23080,951
2,105,165,-23367,963
2,106,167,-23686,976
2,107,169,-24037,989
2,108,170,-24037,1000
2,109,171,-24400,1002
2,110,172,-24667,1015
2,111,174,-24981,1027
2,112,176,-25368,1040
2,113,178,-25705,1053
2,114,180,-26004,1066
2,115,182,-26343,1079
2,116,184,-26700,1092
2,117,185,-26700,1100
2,118,186,-27064,1105
2,119,187,-27329,1118
2,120,189,-27679,1130
2,121,191,-28068,1143
2,122,193,-28393,1156
2,123,195,-28692,1169
2,124,197,-29058,1182
2,125,199,-29408,11952,126,199,-29408,1200

2,127,201,-29761,1208
2,128,202,-30037,1221
2,129,204,-30413,1233
2,130,206,-30789,1246
2,131,208,-31103,1259
2,132,210,-31416,1272
2,133,212,-31786,1285
2,134,22,135,214,-32125,1300
14,-32125,1297
2,136,215,-32461,1311
2,137,217,-32752,1323
2,138,219,-33143,1336
2,139,221,-33503,1349
2,140,223,-33809,1362
2,141,225,-34129,1375
2,142,227,-34497,1388
2,143,228,-34497,1400
2,144,229,-34876,1401
2,145,230,-35149,1414
2,146,232,-35461,1426
2,147,234,-35855,1439
2,148,236,-36192,1452
2,149,238,-36490,1465
2,150,240,-36826,1478
2,151,242,-37186,1491
2,152,243,-37186,1500
2,153,243,-37542,1504
2,154,245,-37794,1516
2,155,247,-38107,1528
2,156,249,-38459,1540
2,157,251,-38740,1551
2,158,253,-38990,1562
2,159,254,-39281,1573
2,160,256,-39567,1584
2,161,258,-39814,1594
2,162,259,-39814,1600
2,163,260,-40085,1604
2,164,262,-40292,1614
2,165,263,-40536,1623
2,166,265,-40790,1632
2,167,267,-41001,1641
2,168,269,-41185,1649
LOG:service=motion,state=start_move,status=running
[FLOW start_move running]
